 9.010576
 9.285145
 9.564246
 9.84814
 10.136766
 10.430172
 10.72829
 11.031391
 11.339411
 11.652396
 11.970269
 12.29332
 12.621472
 12.954775
 13.293144
 13.636883
 13.985909
 14.340272
 14.699877
 15.065044
 15.435686
 15.811847
 16.193428
 16.580765
 16.97376
 17.372461
 17.77676
 18.187008
 18.603098
 19.025082
 19.452835
 19.886732
 20.326658
 20.772661
 21.224783
 21.6829
 22.147402
 22.618164
 23.095232
 23.57847
 24.068289
 24.564552
 25.067307
 25.576406
 26.092281
 26.614786
 27.143967
 27.679617
 28.222109
 28.771198
 29.326849
 29.888807
 30.457464
 31.032566
 31.614079
 32.201736
 32.795944
 33.39645
 34.003204
 34.615948
 35.2351
 35.86039
 36.491783
 37.128998
 37.772476
 38.421944
 39.07736
 39.738686
 40.40563
 41.07866
 41.757484
 42.44207
 43.132107
 43.828087
 44.52971
 45.236935
 45.949455
 46.667774
 47.39158
 48.12084
 48.855232
 49.595272
 50.340652
 51.09133
 51.846977
 52.608135
 53.374474
 54.145958
 54.922253
 55.703907
 56.490593
 57.282272
 58.0786
 58.880146
 59.68656
 60.49782
 61.313572
 62.13439
 62.959934
 63.79016
 64.62503
 65.464195
 66.30825
 67.15684
 68.00991
 68.86712
 69.729065
 70.5954
 71.466064
 72.340706
 73.21994
 74.10339
 74.991035
 75.8825
 76.778404
 77.67838
 78.5824
 79.49005
 80.402016
 81.3179
 82.23767
 83.16093
 84.08833
 85.01951
 85.954414
 86.892654
 87.8349
 88.78076
 89.73019
 90.6828
 91.63927
 92.59919
 93.562546
 94.529274
 95.49898
 96.47237
 97.44901
 98.4289
 99.41163
 100.39795
 101.38749
 102.38026
 103.37587
 104.37508
 105.377525
 106.383194
 107.39171
 108.40384
 109.419205
 110.437805
 111.45925
 112.48432
 113.512634
 114.54419
 115.57859
 116.61662
 117.657906
 118.70244
 119.749825
 120.80084
 121.855125
 122.91266
 123.97304
 125.03708
 126.10438
 127.174934
 128.24875
 129.32542
 130.40576
 131.48936
 132.57623
 133.66597
 134.75937
 135.85606
 136.95601
 138.0588
 139.16531
 140.27509
 141.38814
 142.50404
 143.62367
 144.74657
 145.87274
 147.0018
 148.13454
 149.27058
 150.40991
 151.55211
 152.69803
 153.84724
 154.99976
 156.15512
 157.31424
 158.47662
 159.64235
 160.81091
 161.98323
 163.15886
 164.3378
 165.52002
 166.70512
 167.894
 169.08617
 170.28168
 171.48003
 172.68217
 173.88762
 175.09639
 176.30803
 177.52344
 178.7422
 179.96428
 181.18921
 182.41794
 183.65001
 184.8854
 186.12367
 187.36575
 188.61118
 189.85991
 191.11153
 192.36697
 193.62573
 194.88786
 196.15286
 197.42169
 198.69385
 199.96938
 201.24776
 202.52995
 203.81535
 205.10382
 206.3952
 207.6889
 208.98575
 210.28511
 211.58687
 212.8904
 214.19653
 215.50464
 216.8146
 218.1258
 219.43906
 220.75377
 222.0698
 223.38647
 224.70471
 226.02385
 227.34375
 228.6638
 229.98483
 231.30624
 232.62788
 233.94911
 235.27081
 236.59232
 237.91353
 239.2338
 240.55397
 241.87344
 243.19206
 244.50919
 245.82571
 247.14096
 248.45482
 249.76717
 251.07736
 252.38625
 253.6932
 254.99811
 256.3003
 257.60068
 258.89856
 260.19385
 261.4859
 262.77557
 264.06223
 265.34573
 266.6255
 267.9023
 269.1756
 270.4452
 271.71045
 272.9723
 274.23
 275.48352
 276.73218
 277.97684
 279.21683
 280.4521
 281.68198
 282.90732
 284.12747
 285.34232
 286.55124
 287.75507
 288.9532
 290.14548
 291.3318
 292.5115
 293.68542
 294.853
 296.01404
 297.16797
 298.31555
 299.4562
 300.5898
 301.7158
 302.83487
 303.9465
 305.0505
 306.14636
 307.2348
 308.31522
 309.38748
 310.45108
 311.50665
 312.55368
 313.59207
 314.62122
 315.6419
 316.65384
 317.6571
 318.6515
 319.63788
 320.61597
 321.5859
 322.54745
 323.50146
 324.44766
 325.38623
 326.31723
 327.24045
 328.15674
 329.06583
 329.96786
 330.86264
 331.75095
 332.63254
 333.50757
 334.37582
 335.2381
 336.09415
 336.94412
 337.7878
 338.62598
 339.45844
 340.28528
 341.10635
 341.9224
 342.73322
 343.5389
 344.3393
 345.13513
 345.92624
 346.7127
 347.4944
 348.27197
 349.04532
 349.81454
 350.57944
 351.34076
 352.09827
 352.85217
 353.60254
 354.3492
 355.09286
 355.8334
 356.57086
 357.30515
 358.0369
 358.766
 359.49255
 360.21637
 360.9382
 361.6578
 362.37537
 363.0907
 363.80447
 364.51657
 365.22708
 365.93588
 366.6436
 367.3501
 368.05554
 368.7597
 369.46332
 370.1662
 370.86847
 371.57
 372.27145
 372.97263
 373.67374
 374.37454
 375.07578
 375.77725
 376.4791
 377.1814
 377.8841
 378.58777
 379.2923
 379.99783
 380.70416
 381.41202
 382.12122
 382.83185
 383.54382
 384.25778
 384.97357
 385.6913
 386.41086
 387.13278
 387.85672
 388.5825
 389.30978
 390.03897
 390.7697
 391.50186
 392.23505
 392.9697
 393.70538
 394.44202
 395.17923
 395.91748
 396.65628
 397.39557
 398.13498
 398.8749
 399.61496
 400.35507
 401.0951
 401.8346
 402.57407
 403.31308
 404.05157
 404.78912
 405.52612
 406.26224
 406.99734
 407.73102
 408.46375
 409.1951
 409.92493
 410.65292
 411.37946
 412.10416
 412.82697
 413.54736
 414.2659
 414.98212
 415.69592
 416.40698
 417.11563
 417.8215
 418.52454
 419.22427
 419.9212
 420.61487
 421.30524
 421.99188
 422.67523
 423.3549
 424.03073
 424.70264
 425.37027
 426.03403
 426.69348
 427.3486
 427.9989
 428.6449
 429.28616
 429.92255
 430.55377
 431.18015
 431.80127
 432.41714
 433.02734
 433.63223
 434.23148
 434.82495
 435.41226
 435.99384
 436.56927
 437.1385
 437.70114
 438.2575
 438.8073
 439.3504
 439.88647
 440.41583
 440.9381
 441.45322
 441.9609
 442.46136
 442.95428
 443.4396
 443.91718
 444.3867
 444.84842
 445.30203
 445.74747
 446.18442
 446.6132
 447.03375
 447.44623
 447.8506
 448.24725
 448.6362
 449.01752
 449.39124
 449.75775
 450.11697
 450.4691
 450.81406
 451.1523
 451.48376
 451.80862
 452.1268
 452.43872
 452.74432
 453.04382
 453.33716
 453.62466
 453.9064
 454.18246
 454.45285
 454.71793
 454.97766
 455.2322
 455.48172
 455.72614
 455.96582
 456.20084
 456.4312
 456.65707
 456.87863
 457.096
 457.30927
 457.51843
 457.72385
 457.92548
 458.1235
 458.31793
 458.5091
 458.69696
 458.8817
 459.06335
 459.24216
 459.4182
 459.59158
 459.76233
 459.9308
 460.09686
 460.26083
 460.42264
 460.5826
 460.74072
 460.8972
 461.052
 461.20538
 461.35748
 461.50836
 461.65814
 461.8069
 461.95486
 462.10205
 462.2487
 462.39478
 462.54053
 462.68607
 462.83148
 462.9768
 463.1223
 463.26807
 463.41412
 463.56067
 463.70786
 463.85574
 464.00446
 464.1541
 464.3049
 464.45685
 464.61014
 464.76483
 464.92114
 465.0791
 465.23892
 465.40057
 465.5643
 465.73026
 465.89847
 466.06903
 466.24216
 466.41794
 466.59628
 466.77716
 466.9604
 467.14603
 467.33395
 467.52408
 467.71628
 467.91058
 468.10687
 468.30505
 468.505
 468.70676
 468.91025
 469.11526
 469.32175
 469.52975
 469.73914
 469.94983
 470.16168
 470.37473
 470.58884
 470.80396
 471.0199
 471.23682
 471.45447
 471.6728
 471.89166
 472.11115
 472.33112
 472.55148
 472.77206
 472.99295
 473.21402
 473.43518
 473.65634
 473.8774
 474.09836
 474.3191
 474.53958
 474.75958
 474.97925
 475.1984
 475.41693
 475.6347
 475.85187
 476.06818
 476.28357
 476.49796
 476.71136
 476.92365
 477.13474
 477.34442
 477.5529
 477.75995
 477.96548
 478.16937
 478.3717
 478.57224
 478.77103
 478.96786
 479.1628
 479.35577
 479.54657
 479.7351
 479.9215
 480.10556
 480.2872
 480.46637
 480.64288
 480.81686
 480.98813
 481.15662
 481.32217
 481.48486
 481.6445
 481.8011
 481.95444
 482.1046
 482.2515
 482.395
 482.5349
 482.6714
 482.80423
 482.9334
 483.05878
 483.1803
 483.2979
 483.41156
 483.5211
 483.62653
 483.72775
 483.82483
 483.9178
 484.00674
 484.09174
 484.17282
 484.25003
 484.3235
 484.39322
 484.4593
 484.52176
 484.58066
 484.63614
 484.68817
 484.73682
 484.7822
 484.82434
 484.86334
 484.8992
 484.932
 484.96185
 484.98877
 485.01282
 485.03403
 485.05252
 485.06833
 485.08154
 485.09216
 485.10028
 485.106
 485.1093
 485.11032
 485.10907
 485.1056
 485.10004
 485.09238
 485.08273
 485.07114
 485.05765
 485.04233
 485.02527
 485.0065
 484.98608
 484.96408
 484.94058
 484.9156
 484.88922
 484.8615
 484.83255
 484.80234
 484.771
 484.73856
 484.70508
 484.6707
 484.63535
 484.59915
 484.5622
 484.5245
 484.4861
 484.44717
 484.40768
 484.3677
 484.3273
 484.28656
 484.2455
 484.20425
 484.16278
 484.12122
 484.07962
 484.03802
 483.9965
 483.95508
 483.9139
 483.873
 483.83237
 483.7921
 483.7523
 483.713
 483.67426
 483.63614
 483.5987
 483.562
 483.52612
 483.4911
 483.457
 483.42392
 483.39188
 483.36093
 483.33118
 483.30267
 483.27542
 483.24957
 483.22495
 483.2016
 483.1794
 483.1584
 483.13846
 483.11963
 483.10175
 483.0848
 483.06882
 483.05365
 483.03934
 483.02576
 483.01288
 483.00067
 482.9891
 482.97806
 482.96762
 482.95758
 482.948
 482.93875
 482.92987
 482.92126
 482.9129
 482.90472
 482.89667
 482.8887
 482.88077
 482.87286
 482.86487
 482.85675
 482.8485
 482.84006
 482.83136
 482.8224
 482.81305
 482.8033
 482.79315
 482.78247
 482.7713
 482.75952
 482.7471
 482.734
 482.72018
 482.70557
 482.69016
 482.67383
 482.65665
 482.63843
 482.61923
 482.59897
 482.57755
 482.555
 482.53125
 482.50623
 482.4799
 482.45218
 482.4231
 482.39258
 482.36053
 482.32693
 482.29178
 482.2549
 482.2164
 482.17618
 482.13412
 482.09024
 482.04446
 481.99677
 481.94708
 481.8954
 481.84158
 481.7857
 481.7276
 481.6673
 481.60474
 481.53986
 481.47263
 481.40295
 481.33078
 481.25616
 481.179
 481.09918
 481.01672
 480.93155
 480.84366
 480.75296
 480.6594
 480.56296
 480.4636
 480.36118
 480.2558
 480.1473
 480.03586
 479.9213
 479.80365
 479.6829
 479.5591
 479.43216
 479.3021
 479.16888
 479.0326
 478.89307
 478.75034
 478.6045
 478.45547
 478.3032
 478.1477
 477.98898
 477.82706
 477.66183
 477.49335
 477.32156
 477.14655
 476.96823
 476.78653
 476.6015
 476.41318
 476.22156
 476.02646
 475.82806
 475.62622
 475.42108
 475.21246
 475.0004
 474.7849
 474.56607
 474.34372
 474.11783
 473.88852
 473.65576
 473.4194
 473.17953
 472.9362
 472.68933
 472.43887
 472.1848
 471.9272
 471.66608
 471.4013
 471.13284
 470.8608
 470.58524
 470.30588
 470.02292
 469.73627
 469.446
 469.15198
 468.85422
 468.55273
 468.24753
 467.93872
 467.626
 467.30954
 466.9893
 466.66537
 466.33752
 466.00586
 465.6704
 465.33118
 464.988
 464.641
 464.29007
 463.9354
 463.5767
 463.21408
 462.84756
 462.47723
 462.10284
 461.72446
 461.34213
 460.95596
 460.56564
 460.17133
 459.77298
 459.3708
 458.96436
 458.5539
 458.13937
 457.72092
 457.29825
 456.87146
 456.44055
 456.0056
 455.56683
 455.12396
 454.67728
 454.2268
 453.77286
 453.3151
 452.8538
 452.389
 451.92102
 451.44952
 450.97482
 450.49692
 450.01608
 449.53207
 449.04507
 448.55524
 448.06277
 447.5674
 447.06937
 446.56876
 446.0658
 445.56027
 445.05237
 444.54214
 444.02994
 443.51538
 442.99878
 442.4802
 441.95987
 441.43753
 440.91342
 440.3876
 439.86014
 439.3314
 438.80093
 438.2691
 437.73593
 437.2017
 436.66614
 436.12943
 435.5917
 435.05322
 434.51367
 433.97333
 433.4322
 432.89066
 432.34833
 431.80548
 431.26218
 430.71875
 430.1748
 429.63068
 429.0864
 428.54224
 427.9979
 427.4536
 426.9095
 426.36584
 425.82227
 425.27905
 424.73633
 424.19427
 423.65265
 423.1117
 422.5715
 422.0321
 421.4938
 420.9563
 420.41983
 419.88446
 419.3505
 418.8176
 418.286
 417.75586
 417.2274
 416.7003
 416.1748
 415.65103
 415.12924
 414.6091
 414.0909
 413.5747
 413.0608
 412.54883
 412.03906
 411.53162
 411.02676
 410.52414
 410.02405
 409.5265
 409.03168
 408.53912
 408.0489
 407.56088
 407.07523
 406.5914
 406.10956
 405.62958
 405.15137
 404.67502
 404.20007
 403.7266
 403.2545
 402.7839
 402.3143
 401.84583
 401.3784
 400.91202
 400.44632
 399.98132
 399.517
 399.05338
 398.59003
 398.12704
 397.6643
 397.2019
 396.7394
 396.27692
 395.81427
 395.3516
 394.88846
 394.4249
 393.96085
 393.4964
 393.03107
 392.565
 392.09805
 391.63028
 391.16132
 390.6912
 390.2198
 389.74707
 389.2731
 388.7974
 388.3201
 387.84106
 387.36038
 386.87762
 386.39288
 385.90604
 385.41718
 384.92584
 384.43216
 383.936
 383.43744
 382.93604
 382.43185
 381.92487
 381.4151
 380.9021
 380.386
 379.86664
 379.34415
 378.81805
 378.28848
 377.75525
 377.21857
 376.6779
 376.1333
 375.58475
 375.03232
 374.47552
 373.91446
 373.34903
 372.77917
 372.20496
 371.6259
 371.04208
 370.45346
 369.86014
 369.26157
 368.6579
 368.049
 367.43506
 366.81546
 366.1904
 365.55975
 364.92365
 364.28156
 363.63358
 362.9797
 362.32025
 361.65485
 360.98392
 360.30762
 359.6263
 358.93964
 358.248
 357.5515
 356.85065
 356.145
 355.43494
 354.7206
 354.00247
 353.2801
 352.5539
 351.82404
 351.09064
 350.35413
 349.61407
 348.87094
 348.12482
 347.3762
 346.6246
 345.87048
 345.11395
 344.35547
 343.59464
 342.83182
 342.06717
 341.30118
 340.53333
 339.7641
 338.99365
 338.22238
 337.44986
 336.6765
 335.9025
 335.12827
 334.35336
 333.5782
 332.80292
 332.028
 331.25296
 330.4783
 329.70404
 328.93076
 328.1579
 327.38596
 326.61508
 325.84537
 325.07727
 324.3104
 323.5451
 322.7816
 322.02026
 321.26068
 320.50333
 319.7483
 318.996
 318.24606
 317.49887
 316.75458
 316.01367
 315.27563
 314.54092
 313.80972
 313.0824
 312.35855
 311.63864
 310.92276
 310.21136
 309.50403
 308.80115
 308.1029
 307.4097
 306.72116
 306.03766
 305.35934
 304.6866
 304.0191
 303.35724
 302.70114
 302.05096
 301.40707
 300.76913
 300.13754
 299.51245
 298.8942
 298.28247
 297.67767
 297.07986
 296.4892
 295.90515
 295.32776
 294.75696
 294.1928
 293.63483
 293.08307
 292.53745
 291.99805
 291.4643
 290.93637
 290.4141
 289.89755
 289.3863
 288.88034
 288.37958
 287.88412
 287.3935
 286.9077
 286.42667
 285.95047
 285.47864
 285.0112
 284.54807
 284.0891
 283.63443
 283.18353
 282.73648
 282.29315
 281.8536
 281.41742
 280.98462
 280.55508
 280.1289
 279.70557
 279.2852
 278.86768
 278.45297
 278.04074
 277.63098
 277.22357
 276.8186
 276.4156
 276.01465
 275.6156
 275.21848
 274.8229
 274.42892
 274.03638
 273.64536
 273.25537
 272.86652
 272.47867
 272.09186
 271.7057
 271.3202
 270.9352
 270.5507
 270.1666
 269.7826
 269.39868
 269.01477
 268.63083
 268.24652
 267.86185
 267.47668
 267.09106
 266.70462
 266.31738
 265.92917
 265.54007
 265.1497
 264.758
 264.36496
 263.97055
 263.57437
 263.17645
 262.77673
 262.37518
 261.9714
 261.56546
 261.15723
 260.7467
 260.33356
 259.91772
 259.49915
 259.07788
 258.65347
 258.22595
 257.79526
 257.36124
 256.92404
 256.48343
 256.03964
 255.59274
 255.14299
 254.6901
 254.23431
 253.7757
 253.31451
 252.8505
 252.38388
 251.91473
 251.4433
 250.96931
 250.49303
 250.0145
 249.534
 249.05121
 248.5664
 248.07967
 247.59123
 247.10081
 246.60869
 246.1149
 245.6197
 245.12283
 244.62451
 244.12483
 243.62407
 243.12189
 242.61856
 242.11417
 241.60876
 241.10265
 240.59546
 240.08751
 239.57886
 239.06975
 238.55989
 238.04956
 237.5388
 237.0279
 236.51653
 236.00494
 235.49327
 234.9817
 234.46999
 233.95836
 233.4469
 232.93587
 232.42494
 231.91443
 231.40436
 230.89502
 230.3861
 229.87784
 229.37032
 228.86383
 228.35803
 227.85321
 227.34943
 226.84694
 226.34546
 225.84523
 225.34634
 224.84885
 224.35303
 223.85855
 223.36572
 222.87457
 222.38539
 221.89784
 221.41223
 220.92859
 220.44719
 219.96776
 219.49051
 219.01555
 218.54312
 218.07294
 217.60524
 217.14012
 216.67783
 216.21806
 215.76106
 215.30695
 214.85594
 214.40776
 213.96266
 213.52072
 213.08214
 212.6466
 212.21422
 211.78488
 211.35872
 210.93532
 210.51479
 210.09705
 209.68204
 209.26984
 208.86009
 208.45287
 208.0481
 207.64586
 207.2458
 206.848
 206.4524
 206.05907
 205.66763
 205.27818
 204.89066
 204.50513
 204.12125
 203.73907
 203.35855
 202.97975
 202.60231
 202.22633
 201.85173
 201.47859
 201.10654
 200.73567
 200.36589
 199.99733
 199.62956
 199.26273
 198.89673
 198.53165
 198.16711
 197.80324
 197.43991
 197.0771
 196.71486
 196.35284
 195.99112
 195.62964
 195.26846
 194.90724
 194.54604
 194.1848
 193.8236
 193.46208
 193.10034
 192.73828
 192.37599
 192.0131
 191.64972
 191.28574
 190.92126
 190.55594
 190.18983
 189.82288
 189.45514
 189.08629
 188.71638
 188.34535
 187.97328
 187.59981
 187.22504
 186.84886
 186.47137
 186.09222
 185.71149
 185.32909
 184.94496
 184.55919
 184.1714
 183.7817
 183.38998
 182.99637
 182.60048
 182.20238
 181.80202
 181.39948
 180.99437
 180.5868
 180.17671
 179.76416
 179.34879
 178.93068
 178.50977
 178.08615
 177.65952
 177.2301
 176.79797
 176.36333
 175.9259
 175.48592
 175.04344
 174.59866
 174.15135
 173.7017
 173.24979
 172.79582
 172.33951
 171.8811
 171.42065
 170.95822
 170.49402
 170.02777
 169.55971
 169.08987
 168.61853
 168.14534
 167.67056
 167.19424
 166.71664
 166.23743
 165.75687
 165.27498
 164.79202
 164.30771
 163.82224
 163.3357
 162.84833
 162.35979
 161.87035
 161.38005
 160.88914
 160.39732
 159.90482
 159.41168
 158.91817
 158.42395
 157.92928
 157.43422
 156.939
 156.44331
 155.94739
 155.45131
 154.95511
 154.45903
 153.96278
 153.46658
 152.9705
 152.47478
 151.97908
 151.48369
 150.98863
 150.49416
 149.99995
 149.50627
 149.01314
 148.52083
 148.02902
 147.53795
 147.04767
 146.55843
 146.06992
 145.58237
 145.09586
 144.6106
 144.1263
 143.64317
 143.16133
 142.68097
 142.20178
 141.72401
 141.24774
 140.77316
 140.30002
 139.82852
 139.35872
 138.89069
 138.42465
 137.96031
 137.49791
 137.0375
 136.57932
 136.12306
 135.66896
 135.21707
 134.76762
 134.32024
 133.87498
 133.43181
 132.99081
 132.55159
 132.11423
 131.67868
 131.24503
 130.81285
 130.3823
 129.95323
 129.52579
 129.09958
 128.67467
 128.25099
 127.82865
 127.407265
 126.98689
 126.5675
 126.14915
 125.73145
 125.314514
 124.89827
 124.48263
 124.06769
 123.653076
 123.23885
 122.82497
 122.4115
 121.99808
 121.58477
 121.17153
 120.75842
 120.34507
 119.931564
 119.517845
 119.10397
 118.68958
 118.27477
 117.85944
 117.4437
 117.02716
 116.60991
 116.191864
 115.77314
 115.35332
 114.93252
 114.51065
 114.0878
 113.663605
 113.23813
 112.8113
 112.38325
 111.95354
 111.52227
 111.08939
 110.65482
 110.21865
 109.78049
 109.34042
 108.89839
 108.45448
 108.0083
 107.559944
 107.10933
 106.65657
 106.201256
 105.74348
 105.28317
 104.82044
 104.35487
 103.88656
 103.41544
 102.94163
 102.46468
 101.984726
 101.50168
 101.01566
 100.52623
 100.03351
 99.53741
 99.03807
 98.53504
 98.028435
 97.51817
 97.0044
 96.48665
 95.965034
 95.43951
 94.90997
 94.37659
 93.83892
 93.29726
 92.75168
 92.20247
 91.64929
 91.09243
 90.53197
 89.96819
 89.400764
 88.82996
 88.25589
 87.678825
 87.09841
 86.51495
 85.92853
 85.33944
 84.747314
 84.15246
 83.55495
 82.95509
 82.35252
 81.74754
 81.14022
 80.530876
 79.91913
 79.305275
 78.689415
 78.071846
 77.45219
 76.83074
 76.2076
 75.58283
 74.95677
 74.329
 73.69985
 73.0694
 72.43795
 71.80512
 71.171234
 70.536354
 69.9008
 69.26418
 68.626816
 67.98878
 67.35039
 66.71125
 66.07167
 65.43174
 64.79179
 64.15138
 63.510868
 62.87032
 62.230053
 61.589672
 60.949486
 60.309578
 59.670277
 59.031166
 58.39258
 57.75459
 57.11751
 56.48095
 55.845226
 55.210415
 54.576595
 53.94409
 53.312496
 52.682133
 52.053078
 51.425655
 50.79946
 50.174816
 49.551792
 48.930714
 48.311188
 47.693523
 47.077805
 46.46434
 45.85275
 45.243336
 44.636185
 44.031605
 43.42921
 42.829315
 42.232002
 41.63757
 41.04565
 40.456543
 39.87033
 39.28731
 38.707127
 38.130043
 37.556087
 36.985497
 36.417854
 35.853405
 35.292168
 34.73416
 34.179626
 33.62815
 33.07998
 32.535126
 31.993818
 31.455667
 30.9209
 30.389542
 29.86181
 29.33733
 28.816319
 28.2988
 27.78499
 27.27452
 26.767609
 26.264275
 25.764732
 25.26862
 24.776152
 24.28735
 23.802416
 23.321007
 22.843328
 22.3694
 21.899424
 21.43306
 20.970514
 20.511806
 20.05713
 19.606163
 19.159096
 18.715954
 18.276758
 17.841692
 17.41045
 16.98322
 16.560019
 16.14103
 15.725957
 15.31498
 14.908121
 14.505554
 14.106996
 13.712619
 13.322448
 12.936647
 12.554947
 12.177516
 11.804375
 11.435687
 11.07119
 10.71105
 10.355286
 10.004053
 9.657106
 9.314601
 8.97656
 8.643127
 8.314075
 7.989549
 7.669574
 7.354289
 7.0434747
 6.737276
 6.4357123
 6.1388054
 5.8466883
 5.559159
 5.276352
 4.998288
 4.725093
 4.4565787
 4.1928735
 3.9339979
 3.6800694
 3.430916
 3.1866572
 2.9473147
 2.712998
 2.48355
 2.259083
 2.0396185
 1.8252583
 1.6158582
 1.4114671
 1.2120136
 1.0174981
 0.82769835
 0.64261675
 0.46218017
 0.28638136
 0.115013845
 -0.051927317
 -0.21451661
 -0.37276718
 -0.5268722
 -0.6768441
 -0.82275575
 -0.96467996
 -1.1026392
 -1.2368107
 -1.3672146
 -1.4939238
 -1.6169653
 -1.7365061
 -1.8525718
 -1.9652355
 -2.0745292
 -2.1806092
 -2.2835062
 -2.3832939
 -2.4800088
 -2.5737977
 -2.6646962
 -2.7527776
 -2.838083
 -2.9207501
 -3.0008197
 -3.0783646
 -3.1534297
 -3.2261453
 -3.2965555
 -3.3647335
 -3.4307277
 -3.4946613
 -3.556582
 -3.6165628
 -3.6746552
 -3.7309766
 -3.7855773
 -3.8385308
 -3.8899102
 -3.9397693
 -3.98822
 -4.035316
 -4.08113
 -4.1257186
 -4.1691885
 -4.2115965
 -4.253015
 -4.293502
 -4.333162
 -4.3720512
 -4.4102435
 -4.4477983
 -4.484817
 -4.521358
 -4.5574946
 -4.593286
 -4.6288333
 -4.6641955
 -4.6994457
 -4.7346435
 -4.7698894
 -4.805242
 -4.8407755
 -4.8765492
 -4.912663
 -4.9491763
 -4.986163
 -5.023681
 -5.0618324
 -5.1006765
 -5.140286
 -5.1807337
 -5.222077
 -5.264421
 -5.3078227
 -5.3523555
 -5.398075
 -5.445089
 -5.493452
 -5.5432396
 -5.594504
 -5.647351
 -5.701764
 -5.7577114
 -5.815135
 -5.8740454
 -5.9343867
 -5.9961243
 -6.0592
 -6.123628
 -6.1893506
 -6.2563334
 -6.324516
 -6.393916
 -6.4644737
 -6.536155
 -6.6088986
 -6.6827245
 -6.7575717
 -6.833406
 -6.9101644
 -6.9878697
 -7.0664606
 -7.1459017
 -7.226159
 -7.3071685
 -7.3889565
 -7.471459
 -7.5546412
 -7.638437
 -7.722876
 -7.807893
 -7.893453
 -7.9794903
 -8.066035
 -8.153021
 -8.240414
 -8.328146
 -8.416249
 -8.504659
 -8.593337
 -8.682219
 -8.771337
 -8.860621
 -8.950041
 -9.039526
 -9.129111
 -9.218727
 -9.30834
 -9.397883
 -9.48739
 -9.576791
 -9.666053
 -9.755108
 -9.843989
 -9.932629
 -10.020993
 -10.109048
 -10.196725
 -10.284058
 -10.370978
 -10.457452
 -10.543413
 -10.628893
 -10.713823
 -10.798172
 -10.881871
 -10.9649515
 -11.047346
 -11.129023
 -11.209914
 -11.290049
 -11.369362
 -11.44782
 -11.525358
 -11.602002
 -11.677688
 -11.75238
 -11.826019
 -11.898626
 -11.970139
 -12.040521
 -12.1097145
 -12.177738
 -12.24453
 -12.310057
 -12.37426
 -12.437154
 -12.49868
 -12.5588045
 -12.617471
 -12.674689
 -12.730404
 -12.78459
 -12.837245
 -12.8883505
 -12.937948
 -12.986016
 -13.0325575
 -13.077556
 -13.121046
 -13.1630125
 -13.203456
 -13.242362
 -13.279761
 -13.3156395
 -13.349998
 -13.382827
 -13.41415
 -13.443956
 -13.472246
 -13.499011
 -13.524273
 -13.548021
 -13.570257
 -13.590975
 -13.610189
 -13.627894
 -13.644092
 -13.658776
 -13.67196
 -13.683637
 -13.6938095
 -13.702476
 -13.709642
 -13.715307
 -13.71947
 -13.722134
 -13.723297
 -13.722963
 -13.721132
 -13.717805
 -13.712984
 -13.706667
 -13.698855
 -13.689552
 -13.678762
 -13.666476
 -13.6527
 -13.637437
 -13.620691
 -13.602451
 -13.582726
 -13.561516
 -13.53883
 -13.514652
 -13.488992
 -13.461849
 -13.433239
 -13.403137
 -13.371557
 -13.338499
 -13.303977
 -13.267966
 -13.230481
 -13.191522
 -13.151104
 -13.1092005
 -13.065824
 -13.020978
 -12.974662
 -12.926896
 -12.8776455
 -12.826927
 -12.774743
 -12.721116
 -12.666004
 -12.609429
 -12.551393
 -12.491918
 -12.43096
 -12.368544
 -12.304668
 -12.239362
 -12.172573
 -12.104329
 -12.034631
 -11.963506
 -11.8909025
 -11.816846
 -11.74134
 -11.664412
 -11.586007
 -11.506154
 -11.424859
 -11.342168
 -11.258036
 -11.172506
 -11.085598
 -10.997359
 -10.907739
 -10.816786
 -10.724515
 -10.630943
 -10.536122
 -10.439996
 -10.342614
 -10.243995
 -10.14419
 -10.043141
 -9.940901
 -9.837484
 -9.732948
 -9.627229
 -9.520381
 -9.412419
 -9.303403
 -9.193264
 -9.082059
 -8.969804
 -8.856558
 -8.74225
 -8.626941
 -8.510644
 -8.393419
 -8.275195
 -8.156031
 -8.035943
 -7.914992
 -7.7931027
 -7.6703362
 -7.546708
 -7.4222817
 -7.2969785
 -7.170861
 -7.0439444
 -6.9162455
 -6.787828
 -6.6586103
 -6.528657
 -6.3979836
 -6.266656
 -6.13459
 -6.001851
 -5.8684554
 -5.7344685
 -5.599806
 -5.4645324
 -5.3286653
 -5.1922708
 -5.0552616
 -4.9177055
 -4.7796183
 -4.6410675
 -4.501964
 -4.3623767
 -4.2223206
 -4.081865
 -3.9409184
 -3.7995503
 -3.6577768
 -3.5156672
 -3.3731291
 -3.2302325
 -3.086993
 -2.9434807
 -2.7996025
 -2.6554282
 -2.510974
 -2.3662553
 -2.221343
 -2.0761428
 -1.9307251
 -1.785106
 -1.6393564
 -1.4933813
 -1.3472519
 -1.2009835
 -1.054648
 -0.9081495
 -0.76155937
 -0.61489344
 -0.46822304
 -0.32145244
 -0.17465284
 -0.027828349
 0.11897545
 0.26588136
 0.41284484
 0.559877
 0.7069332
 0.85413647
 1.0014421
 1.1488612
 1.2963489
 1.4440289
 1.5918558
 1.739841
 1.8879397
 2.0362754
 2.184803
 2.333534
 2.482479
 2.6315932
 2.7810006
 2.9306564
 3.0805712
 3.2306995
 3.381166
 3.5319257
 3.6829894
 3.8343105
 3.9860158
 4.1380587
 4.29045
 4.443144
 4.5962667
 4.749772
 4.9036713
 5.057916
 5.2126365
 5.3677835
 5.523369
 5.679345
 5.8358417
 5.9928093
 6.150261
 6.308147
 6.4665985
 6.6255674
 6.785064
 6.9450383
 7.105625
 7.266773
 7.4284945
 7.5908
 7.7537007
 7.9172077
 8.081207
 8.245961
 8.411355
 8.5774
 8.744108
 8.9114895
 9.079555
 9.248318
 9.417659
 9.587848
 9.758766
 9.930424
 10.102836
 10.2760105
 10.44996
 10.624695
 10.800094
 10.976434
 11.153593
 11.331583
 11.510415
 11.690101
 11.87065
 12.0520735
 12.234247
 12.417456
 12.601574
 12.7866125
 12.972581
 13.159493
 13.34736
 13.536192
 13.726
 13.916649
 14.108442
 14.301246
 14.49507
 14.689926
 14.885809
 15.082694
 15.280562
 15.479239
 15.679005
 15.879685
 16.081259
 16.283705
 16.486998
 16.691118
 16.896044
 17.101593
 17.308062
 17.515266
 17.723186
 17.9318
 18.141088
 18.351023
 18.561584
 18.77259
 18.984339
 19.196648
 19.409496
 19.622858
 19.836716
 20.051044
 20.265823
 20.481028
 20.696476
 20.912466
 21.12882
 21.345514
 21.562521
 21.779823
 21.997398
 22.215223
 22.433107
 22.651365
 22.869804
 23.088406
 23.307144
 23.526001
 23.744951
 23.963972
 24.182878
 24.40198
 24.621084
 24.840174
 25.059223
 25.278212
 25.497118
 25.715918
 25.934425
 26.152948
 26.3713
 26.589455
 26.807398
 27.025099
 27.242538
 27.459698
 27.676552
 27.892912
 28.109089
 28.324894
 28.540304
 28.7553
 28.969854
 29.18395
 29.397564
 29.61051
 29.823092
 30.035124
 30.246584
 30.45745
 30.667704
 30.877316
 31.086267
 31.294382
 31.501947
 31.708786
 31.914877
 32.120197
 32.324722
 32.52843
 32.731304
 32.933163
 33.134296
 33.334522
 33.53382
 33.732174
 33.92955
 34.125942
 34.32133
 34.515713
 34.708935
 34.901287
 35.09261
 35.282898
 35.47215
 35.66035
 35.8475
 36.03359
 36.21847
 36.402416
 36.585285
 36.767063
 36.94775
 37.127335
 37.305813
 37.483173
 37.659283
 37.834396
 38.00838
 38.181217
 38.35291
 38.523445
 38.69282
 38.86103
 39.027935
 39.193787
 39.35845
 39.52192
 39.684185
 39.845245
 40.005085
 40.163708
 40.321102
 40.47714
 40.632053
 40.78572
 40.938133
 41.089283
 41.239162
 41.387768
 41.535088
 41.68101
 41.82575
 41.96918
 42.11131
 42.252117
 42.391605
 42.529762
 42.666584
 42.80196
 42.93609
 43.06886
 43.20027
 43.33031
 43.45897
 43.586254
 43.71214
 43.83654
 43.95963
 44.08131
 44.201572
 44.320408
 44.43782
 44.553787
 44.668316
 44.781395
 44.89293
 45.003082
 45.111767
 45.21898
 45.3247
 45.428932
 45.53167
 45.632896
 45.73254
 45.83074
 45.92742
 46.022568
 46.116173
 46.208237
 46.298748
 46.3877
 46.47502
 46.56084
 46.64508
 46.727734
 46.808796
 46.88826
 46.966125
 47.042427
 47.117138
 47.190414
 47.262222
 47.332607
 47.401596
 47.46923
 47.53554
 47.60056
 47.664326
 47.726826
 47.788193
 47.848404
 47.907505
 47.965523
 48.022495
 48.078457
 48.133442
 48.187447
 48.24058
 48.292847
 48.344273
 48.394897
 48.44476
 48.49388
 48.542305
 48.59003
 48.63716
 48.6837
 48.72968
 48.77513
 48.820095
 48.8646
 48.908684
 48.952354
 48.9957
 49.03873
 49.081482
 49.12398
 49.16627
 49.208385
 49.250355
 49.29221
 49.33396
 49.375713
 49.41745
 49.45922
 49.50106
 49.542995
 49.585068
 49.627308
 49.66972
 49.712402
 49.755356
 49.79862
 49.842228
 49.88621
 49.930603
 49.975445
 50.020733
 50.066574
 50.112965
 50.159935
 50.20753
 50.255783
 50.304726
 50.35439
 50.404774
 50.45599
 50.508038
 50.560947
 50.614754
 50.669495
 50.7252
 50.781906
 50.839653
 50.898426
 50.95835
 51.019413
 51.08165
 51.1451
 51.209793
 51.27577
 51.343056
 51.41164
 51.481663
 51.5531
 51.62599
 51.700375
 51.776276
 51.853718
 51.93266
 52.013004
 52.094837
 52.17806
 52.26263
 52.348515
 52.435673
 52.524063
 52.613655
 52.704334
 52.796204
 52.88915
 52.983143
 53.07814
 53.174107
 53.271
 53.368782
 53.46742
 53.56679
 53.66702
 53.76798
 53.869637
 53.971954
 54.074898
 54.178425
 54.282494
 54.386993
 54.492035
 54.597515
 54.70338
 54.8096
 54.916138
 55.022953
 55.130005
 55.237175
 55.34459
 55.452126
 55.559746
 55.66742
 55.775097
 55.882744
 55.990326
 56.097717
 56.20505
 56.312195
 56.41912
 56.525787
 56.632153
 56.738182
 56.84384
 56.949085
 57.053795
 57.158096
 57.26187
 57.36508
 57.467686
 57.569645
 57.67092
 57.771484
 57.871212
 57.970215
 58.068382
 58.165684
 58.26207
 58.357506
 58.451954
 58.545376
 58.637665
 58.72892
 58.819035
 58.907967
 58.995686
 59.082146
 59.167313
 59.251144
 59.33354
 59.414593
 59.494198
 59.572315
 59.648907
 59.72394
 59.797367
 59.86916
 59.93927
 60.007614
 60.074253
 60.139107
 60.20212
 60.26327
 60.32251
 60.379807
 60.435143
 60.48849
 60.539925
 60.589405
 60.63694
 60.68253
 60.72617
 60.767868
 60.807632
 60.84542
 60.881306
 60.915253
 60.94727
 60.977356
 61.005512
 61.03174
 61.05604
 61.0784
 61.09886
 61.1174
 61.134026
 61.148727
 61.161522
 61.1724
 61.18137
 61.18844
 61.19359
 61.196842
 61.198193
 61.197647
 61.1952
 61.19086
 61.184624
 61.176495
 61.16648
 61.15458
 61.140785
 61.125107
 61.107548
 61.088104
 61.066784
 61.043587
 61.01854
 60.991596
 60.962784
 60.9321
 60.89955
 60.865135
 60.828857
 60.790718
 60.75075
 60.7089
 60.665188
 60.61962
 60.57221
 60.522945
 60.471836
 60.418877
 60.36408
 60.307476
 60.248997
 60.188675
 60.126522
 60.062534
 59.996708
 59.929058
 59.85958
 59.78833
 59.715202
 59.640247
 59.56348
 59.48489
 59.404484
 59.32226
 59.23823
 59.15245
 59.0648
 58.97534
 58.88408
 58.791016
 58.696148
 58.59948
 58.50102
 58.40084
 58.29879
 58.19495
 58.08932
 57.9819
 57.8727
 57.761715
 57.64895
 57.534443
 57.418327
 57.300472
 57.181007
 57.059986
 56.93745
 56.813442
 56.688015
 56.561214
 56.433178
 56.30376
 56.173107
 56.041264
 55.908268
 55.774178
 55.639034
 55.50288
 55.365864
 55.227833
 55.088932
 54.949207
 54.8087
 54.667465
 54.525543
 54.382977
 54.23993
 54.096226
 53.95202
 53.807354
 53.66228
 53.516846
 53.371086
 53.22506
 53.078804
 52.932484
 52.78591
 52.639256
 52.492558
 52.34586
 52.199215
 52.052666
 51.906258
 51.760147
 51.61416
 51.468452
 51.32307
 51.178062
 51.03347
 50.88934
 50.745724
 50.602768
 50.460304
 50.31849
 50.177372
 50.03699
 49.897392
 49.758633
 49.620743
 49.483887
 49.347893
 49.212917
 49.079
 48.94619
 48.814537
 48.68408
 48.55487
 48.42695
 48.30047
 48.175266
 48.0515
 47.929203
 47.808434
 47.689228
 47.571636
 47.455708
 47.341568
 47.22909
 47.118416
 47.009583
 46.902637
 46.797626
 46.6946
 46.5936
 46.494747
 46.397938
 46.303295
 46.21086
 46.120686
 46.032818
 45.947296
 45.864155
 45.783432
 45.704945
 45.62871
 45.554676
 45.482788
 45.413002
 45.34526
 45.279514
 45.21571
 45.153847
 45.093784
 45.035507
 44.978973
 44.92413
 44.870922
 44.8193
 44.76922
 44.72066
 44.673496
 44.627716
 44.583267
 44.5401
 44.49817
 44.457413
 44.41778
 44.37926
 44.341732
 44.305187
 44.26956
 44.234806
 44.20088
 44.167717
 44.13528
 44.103535
 44.07238
 44.041798
 44.011726
 43.982124
 43.952934
 43.92411
 43.895596
 43.86734
 43.839317
 43.81143
 43.783657
 43.755936
 43.72822
 43.700466
 43.672607
 43.644608
 43.61643
 43.58798
 43.559227
 43.53013
 43.500626
 43.47067
 43.44021
 43.40919
 43.377594
 43.345314
 43.31233
 43.27858
 43.244022
 43.208603
 43.17227
 43.134975
 43.0967
 43.057323
 43.01683
 42.975174
 42.932297
 42.888153
 42.842686
 42.79585
 42.747585
 42.697887
 42.64663
 42.593796
 42.539337
 42.483196
 42.425327
 42.36568
 42.304203
 42.240894
 42.1756
 42.108326
 42.039017
 41.96762
 41.894085
 41.818367
 41.74043
 41.660385
 41.57818
 41.49395
 41.40776
 41.31968
 41.22978
 41.138126
 41.044792
 40.949917
 40.853424
 40.75546
 40.65609
 40.555378
 40.453407
 40.350235
 40.245937
 40.14058
 40.034313
 39.927044
 39.818924
 39.710022
 39.600407
 39.49015
 39.379322
 39.267982
 39.156296
 39.04416
 38.931725
 38.81906
 38.706238
 38.593327
 38.480396
 38.367516
 38.254837
 38.14226
 38.02994
 37.91795
 37.80635
 37.69522
 37.584618
 37.474625
 37.365387
 37.256805
 37.149033
 37.042145
 36.936203
 36.83128
 36.727448
 36.62477
 36.52332
 36.42324
 36.32445
 36.227097
 36.131245
 36.036964
 35.94433
 35.853405
 35.764263
 35.677032
 35.591656
 35.508266
 35.426937
 35.347733
 35.270725
 35.195984
 35.123577
 35.053627
 34.986095
 34.92111
 34.85873
 34.799034
 34.74209
 34.687965
 34.636726
 34.58848
 34.54323
 34.501072
 34.462082
 34.426323
 34.393875
 34.364796
 34.33916
 34.31704
 34.29851
 34.283615
 34.272446
 34.26506
 34.261536
 34.26194
 34.26634
 34.2748
 34.2873
 34.303764
 34.324085
 34.34817
 34.375923
 34.407246
 34.442043
 34.48022
 34.521645
 34.566288
 34.614017
 34.664738
 34.71836
 34.77478
 34.833908
 34.89564
 34.959835
 35.026497
 35.095474
 35.16668
 35.240005
 35.31537
 35.392662
 35.471794
 35.552673
 35.635128
 35.7192
 35.80472
 35.8916
 35.979744
 36.06905
 36.159424
 36.25077
 36.342922
 36.435925
 36.529613
 36.623886
 36.71865
 36.81381
 36.909267
 37.004925
 37.10062
 37.196396
 37.292084
 37.387592
 37.482822
 37.577675
 37.672054
 37.76587
 37.85895
 37.951344
 38.042877
 38.133457
 38.222996
 38.311382
 38.398533
 38.48434
 38.56872
 38.651505
 38.732727
 38.81223
 38.889908
 38.965675
 39.039433
 39.11108
 39.180527
 39.24762
 39.312374
 39.374634
 39.434303
 39.491287
 39.545494
 39.59682
 39.645176
 39.69043
 39.73255
 39.77141
 39.80691
 39.83896
 39.867455
 39.892303
 39.91341
 39.930664
 39.944
 39.9533
 39.958477
 39.959423
 39.956055
 39.948265
 39.935963
 39.91906
 39.8976
 39.87165
 39.841335
 39.80677
 39.768055
 39.7253
 39.678616
 39.62811
 39.57393
 39.516106
 39.45478
 39.390068
 39.32207
 39.250904
 39.17667
 39.09948
 39.0195
 38.93672
 38.85131
 38.76338
 38.673023
 38.580368
 38.485508
 38.388554
 38.289696
 38.188892
 38.086315
 37.982082
 37.876297
 37.769073
 37.66051
 37.550724
 37.43982
 37.32799
 37.215176
 37.101566
 36.987274
 36.872402
 36.75706
 36.641365
 36.525414
 36.409405
 36.29327
 36.17721
 36.06133
 35.945744
 35.830547
 35.71586
 35.601784
 35.488514
 35.375988
 35.2644
 35.15386
 35.04447
 34.936344
 34.82959
 34.724316
 34.620705
 34.518707
 34.418514
 34.320236
 34.223972
 34.12984
 34.037945
 33.94839
 33.86129
 33.776814
 33.694942
 33.615845
 33.539635
 33.466415
 33.3963
 33.32939
 33.26581
 33.20569
 33.14906
 33.09607
 33.046833
 33.001453
 32.96004
 32.922707
 32.889553
 32.860714
 32.83625
 32.816296
 32.800953
 32.790337
 32.784554
 32.783714
 32.787918
 32.79726
 32.811714
 32.831165
 32.855503
 32.88462
 32.918404
 32.956745
 32.999535
 33.046658
 33.09797
 33.153435
 33.212906
 33.276276
 33.34343
 33.41426
 33.48866
 33.566513
 33.647648
 33.732082
 33.81964
 33.910213
 34.003693
 34.099968
 34.19893
 34.30046
 34.40438
 34.510735
 34.61933
 34.730064
 34.84282
 34.957493
 35.073967
 35.192135
 35.3118
 35.433025
 35.555614
 35.67946
 35.804443
 35.93046
 36.057407
 36.185165
 36.313625
 36.442577
 36.572113
 36.70202
 36.832188
 36.962513
 37.092876
 37.223175
 37.353294
 37.483025
 37.612457
 37.741383
 37.86969
 37.99727
 38.12401
 38.249798
 38.374527
 38.497997
 38.62028
 38.741177
 38.860573
 38.978355
 39.09442
 39.208656
 39.320953
 39.431118
 39.539204
 39.645023
 39.748463
 39.849407
 39.947754
 40.043392
 40.136208
 40.22609
 40.312866
 40.39656
 40.476994
 40.554054
 40.627632
 40.69762
 40.76391
 40.82638
 40.88489
 40.93941
 40.98979
 41.03592
 41.077686
 41.11498
 41.14769
 41.17571
 41.198925
 41.217407
 41.231228
 41.240463
 41.2452
 41.245525
 41.241524
 41.233276
 41.220886
 41.20441
 41.183945
 41.159576
 41.131386
 41.09946
 41.063885
 41.024746
 40.982124
 40.936142
 40.886814
 40.83426
 40.77856
 40.719807
 40.658077
 40.593464
 40.526043
 40.45596
 40.38319
 40.30787
 40.230083
 40.149918
 40.06746
 39.982788
 39.89599
 39.80722
 39.716427
 39.62376
 39.52931
 39.43315
 39.33538
 39.236073
 39.13532
 39.033276
 38.929882
 38.825287
 38.71959
 38.61286
 38.505196
 38.396675
 38.28738
 38.177402
 38.066906
 37.955807
 37.84428
 37.732403
 37.620262
 37.507946
 37.395535
 37.283115
 37.17086
 37.058674
 36.946735
 36.835133
 36.723938
 36.613243
 36.503136
 36.393696
 36.28509
 36.177246
 36.070316
 35.964397
 35.859573
 35.755924
 35.653538
 35.552498
 35.452965
 35.354866
 35.258373
 35.163567
 35.070526
 34.979343
 34.890095
 34.80287
 34.717762
 34.634907
 34.55426
 34.475983
 34.40015
 34.326847
 34.256165
 34.188183
 34.12299
 34.060707
 34.00129
 33.94474
 33.89101
 33.840065
 33.79185
 33.746326
 33.70345
 33.663197
 33.625465
 33.590244
 33.557487
 33.527145
 33.49918
 33.473537
 33.45018
 33.429073
 33.410145
 33.393364
 33.37868
 33.36606
 33.355446
 33.346798
 33.340073
 33.335224
 33.332207
 33.330975
 33.33148
 33.33368
 33.337532
 33.34299
 33.35001
 33.35854
 33.368534
 33.37996
 33.392765
 33.406902
 33.42233
 33.439
 33.456867
 33.47589
 33.49601
 33.5172
 33.539413
 33.5626
 33.586708
 33.611706
 33.637535
 33.66416
 33.691513
 33.719585
 33.748314
 33.777653
 33.80756
 33.83799
 33.868896
 33.90023
 33.931953
 33.96399
 33.996346
 34.028954
 34.061768
 34.094738
 34.127827
 34.16098
 34.194164
 34.2273
 34.260395
 34.293377
 34.326202
 34.35883
 34.39121
 34.423298
 34.45505
 34.486393
 34.517338
 34.547806
 34.577763
 34.60715
 34.635933
 34.664063
 34.691494
 34.718163
 34.74406
 34.76913
 34.793316
 34.816578
 34.838875
 34.860157
 34.88038
 34.899494
 34.91745
 34.934246
 34.949875
 34.964344
 34.977657
 34.98982
 35.00084
 35.01072
 35.019463
 35.02709
 35.033592
 35.038986
 35.04327
 35.046448
 35.048534
 35.049526
 35.04944
 35.048267
 35.04603
 35.04272
 35.03835
 35.03293
 35.02646
 35.018944
 35.010395
 35.000816
 34.990208
 34.97858
 34.96594
 34.952293
 34.937645
 34.921997
 34.905365
 34.88776
 34.869167
 34.849598
 34.829063
 34.80757
 34.785122
 34.761726
 34.73739
 34.712135
 34.68593
 34.658802
 34.630756
 34.601795
 34.57193
 34.54116
 34.5095
 34.476974
 34.44354
 34.409225
 34.374043
 34.337997
 34.30109
 34.26333
 34.22472
 34.185303
 34.145016
 34.1039
 34.061962
 34.019207
 33.975636
 33.931263
 33.88609
 33.84012
 33.793396
 33.74586
 33.697544
 33.648457
 33.598606
 33.547997
 33.49663
 33.444523
 33.391716
 33.33813
 33.283813
 33.22878
 33.173023
 33.116558
 33.059387
 33.001514
 32.942997
 32.883743
 32.82381
 32.763203
 32.701923
 32.63998
 32.57738
 32.514126
 32.450275
 32.38574
 32.320564
 32.25476
 32.188335
 32.121292
 32.053642
 31.985386
 31.916529
 31.847132
 31.777096
 31.70648
 31.635286
 31.563522
 31.491196
 31.418312
 31.344875
 31.27095
 31.196428
 31.12137
 31.045786
 30.969679
 30.893053
 30.81592
 30.738281
 30.6602
 30.58157
 30.50245
 30.422852
 30.342777
 30.262232
 30.181223
 30.099756
 30.017902
 29.93554
 29.852734
 29.769497
 29.68583
 29.60174
 29.517235
 29.432322
 29.347
 29.261345
 29.175232
 29.088734
 29.001854
 28.914597
 28.826973
 28.738985
 28.650639
 28.562006
 28.472963
 28.38358
 28.293861
 28.203815
 28.11345
 28.022764
 27.931767
 27.840536
 27.748938
 27.657047
 27.564869
 27.472408
 27.379673
 27.28667
 27.193401
 27.099949
 27.00617
 26.912148
 26.817886
 26.72339
 26.628666
 26.53372
 26.438557
 26.343182
 26.247679
 26.151901
 26.055933
 25.959776
 25.863438
 25.766926
 25.670244
 25.5734
 25.47647
 25.379316
 25.282017
 25.184578
 25.087006
 24.989304
 24.891481
 24.793541
 24.695564
 24.59741
 24.499142
 24.400742
 24.30219
 24.203478
 24.104578
 24.005478
 23.906235
 23.80668
 23.706871
 23.60679
 23.506422
 23.405745
 23.304745
 23.203403
 23.101704
 22.999702
 22.897232
 22.794348
 22.691034
 22.587276
 22.483051
 22.378345
 22.273138
 22.167496
 22.06124
 21.95443
 21.84705
 21.739084
 21.630512
 21.521318
 21.411486
 21.301077
 21.18991
 21.078053
 20.965485
 20.852188
 20.738146
 20.623343
 20.507757
 20.391464
 20.274267
 20.156235
 20.037355
 19.917606
 19.79697
 19.675434
 19.552975
 19.429579
 19.30532
 19.179995
 19.053679
 18.926353
 18.798004
 18.66861
 18.538155
 18.40662
 18.274092
 18.140348
 18.005474
 17.869452
 17.732262
 17.593887
 17.454313
 17.313519
 17.171597
 17.028313
 16.883757
 16.737911
 16.590761
 16.442286
 16.292467
 16.14129
 15.9888525
 15.834905
 15.679546
 15.522757
 15.36452
 15.20482
 15.043636
 14.880953
 14.716753
 14.551144
 14.383857
 14.215001
 14.044557
 13.872507
 13.698835
 13.523523
 13.346554
 13.168045
 12.987709
 12.805679
 12.622007
 12.436748
 12.24996
 12.061702
 11.872028
 11.681146
 11.488819
 11.295252
 11.1005
 10.904622
 10.707677
 10.509719
 10.310807
 10.111151
 9.910505
 9.709078
 9.506927
 9.304109
 9.100681
 8.896704
 8.692231
 8.487323
 8.282191
 8.076583
 7.87071
 7.6646304
 7.458402
 7.252083
 7.0457287
 6.8393984
 6.633305
 6.427193
 6.2212787
 6.015616
 5.8102646
 5.605282
 5.4007244
 5.1966505
 4.993272
 4.7903366
 4.5880566
 4.3864903
 4.185694
 3.9857266
 3.7866452
 3.5885065
 3.3915176
 3.1954367
 3.0004718
 2.80668
 2.6141183
 2.4228451
 2.232917
 2.0443919
 1.8573279
 1.6719217
 1.48795
 1.3056108
 1.124962
 0.9460611
 0.7689661
 0.5937336
 0.42042148
 0.24921684
 0.07991639
 -0.087290786
 -0.2523481
 -0.41519737
 -0.5757816
 -0.7340428
 -0.889924
 -1.0432516
 -1.1942015
 -1.3425989
 -1.4883858
 -1.6315054
 -1.7718996
 -1.9095112
 -2.0442827
 -2.1760576
 -2.3049784
 -2.4308867
 -2.5537252
 -2.6734362
 -2.789962
 -2.9032452
 -3.0132287
 -3.1198542
 -3.222988
 -3.322729
 -3.4189723
 -3.511756
 -3.601126
 -3.687129
 -3.7698116
 -3.8492198
 -3.925343
 -3.9983435
 -4.0682087
 -4.134985
 -4.1987176
 -4.2594543
 -4.3172407
 -4.3721232
 -4.4241095
 -4.473325
 -4.5197754
 -4.563507
 -4.6045666
 -4.643
 -4.6788535
 -4.7121735
 -4.742984
 -4.771378
 -4.797377
 -4.821028
 -4.842377
 -4.8614707
 -4.878355
 -4.893076
 -4.9056807
 -4.9162073
 -4.9247184
 -4.931252
 -4.9358544
 -4.9385715
 -4.9394493
 -4.9385347
 -4.9358745
 -4.9315176
 -4.9255047
 -4.917884
 -4.9087024
 -4.8980064
 -4.885842
 -4.8722553
 -4.8572927
 -4.8410134
 -4.8234396
 -4.8046284
 -4.7846265
 -4.7634807
 -4.7412367
 -4.7179413
 -4.6936407
 -4.6684003
 -4.642228
 -4.6151896
 -4.5873313
 -4.558699
 -4.5293393
 -4.4992986
 -4.468622
 -4.437358
 -4.4055758
 -4.3732734
 -4.3405213
 -4.307366
 -4.2738533
 -4.240031
 -4.205943
 -4.1716375
 -4.137186
 -4.1025834
 -4.067901
 -4.0331864
 -3.9984848
 -3.9638429
 -3.929307
 -3.8949237
 -3.860765
 -3.8268247
 -3.793176
 -3.7598648
 -3.7269375
 -3.6944401
 -3.6624196
 -3.6309216
 -3.600016
 -3.5697021
 -3.5400496
 -3.5110734
 -3.4827428
 -3.4550226
 -3.4278781
 -3.4012737
 -3.3751748
 -3.3495653
 -3.3243716
 -3.2995787
 -3.2751505
 -3.2510529
 -3.22725
 -3.203708
 -3.1803906
 -3.1572814
 -3.1343093
 -3.1114576
 -3.0886908
 -3.065974
 -3.0432723
 -3.020551
 -2.9977744
 -2.974925
 -2.9519334
 -2.9287815
 -2.905435
 -2.881858
 -2.858016
 -2.8338737
 -2.8093963
 -2.7845676
 -2.759315
 -2.733622
 -2.707454
 -2.6807754
 -2.6535516
 -2.6257474
 -2.597328
 -2.568258
 -2.5385253
 -2.50805
 -2.476819
 -2.444798
 -2.411951
 -2.3782434
 -2.3436406
 -2.308107
 -2.2716355
 -2.2341363
 -2.1956017
 -2.155996
 -2.1152847
 -2.0734327
 -2.030405
 -1.9861664
 -1.9407169
 -1.8939526
 -1.8458723
 -1.7964413
 -1.7456243
 -1.6933864
 -1.6396925
 -1.5845076
 -1.5278403
 -1.4695694
 -1.4097028
 -1.3482049
 -1.2850409
 -1.2201756
 -1.1535742
 -1.0852017
 -1.0150229
 -0.94305855
 -0.8691637
 -0.79335755
 -0.71560514
 -0.63587135
 -0.55412155
 -0.47032008
 -0.38443217
 -0.29649043
 -0.20632628
 -0.113970995
 -0.019388886
 0.077454746
 0.17659493
 0.2780667
 0.38190505
 0.48806307
 0.59673786
 0.70788443
 0.8215429
 0.9377594
 1.0565801
 1.1780518
 1.30222
 1.4290338
 1.5587322
 1.6912663
 1.8266828
 1.9650271
 2.106346
 2.2506855
 2.398092
 2.5486124
 2.702174
 2.859057
 3.0191925
 3.182626
 3.3494046
 3.519574
 3.693181
 3.870271
 4.0507526
 4.234946
 4.422762
 4.614247
 4.809447
 5.008407
 5.2111754
 5.4177976
 5.6281586
 5.842624
 6.061082
 6.283579
 6.5101614
 6.7408743
 6.975766
 7.214882
 7.458081
 7.70578
 7.9578414
 8.214313
 8.475239
 8.740667
