 10.5532896188
 10.5663027425
 10.5791807935
 10.5919507566
 10.6046396163
 10.6172743574
 10.6298819645
 10.6424894224
 10.6551237156
 10.6678155913
 10.6806112034
 10.6935606492
 10.7067140258
 10.7201179830
 10.7338048872
 10.7478034058
 10.7621422064
 10.7768454939
 10.7919187648
 10.8073626138
 10.8231776355
 10.8393614912
 10.8558993988
 10.8727732777
 10.8899650473
 10.9074567309
 10.9252307976
 10.9432698361
 10.9615564351
 10.9800752030
 10.9988195188
 11.0177851415
 11.0369678303
 11.0563653407
 11.0759841994
 11.0958333419
 11.1159217034
 11.1362588230
 11.1568569230
 11.1777289714
 11.1988879361
 11.2203458313
 11.2421103818
 11.2641881066
 11.2865855246
 11.3093075074
 11.3323514283
 11.3557125285
 11.3793860490
 11.4033664071
 11.4276442263
 11.4522090387
 11.4770503763
 11.5021580116
 11.5275228374
 11.5531360728
 11.5789889369
 11.6050734732
 11.6313856130
 11.6579224326
 11.6846810082
 11.7116590189
 11.7388570191
 11.7662764200
 11.7939186327
 11.8217851326
 11.8498777031
 11.8781982207
 11.9067485618
 11.9355301910
 11.9645425591
 11.9937845033
 12.0232548606
 12.0529520146
 12.0828721085
 12.1130105943
 12.1433629237
 12.1739243824
 12.2046894251
 12.2356522470
 12.2668070434
 12.2981481696
 12.3296707918
 12.3613703319
 12.3932422122
 12.4252821345
 12.4574872332
 12.4898551003
 12.5223833280
 12.5550696985
 12.5879129798
 12.6209122581
 12.6540666201
 12.6873750933
 12.7208363976
 12.7544491521
 12.7882119761
 12.8221233532
 12.8561810493
 12.8903825928
 12.9247255119
 12.9592072005
 12.9938243300
 13.0285733303
 13.0634506314
 13.0984526498
 13.1335757299
 13.1688161920
 13.2041703559
 13.2396346230
 13.2752058398
 13.3108810056
 13.3466571198
 13.3825312859
 13.4185011880
 13.4545647110
 13.4907197401
 13.5269642082
 13.5632963170
 13.5997143626
 13.6362166411
 13.6728014237
 13.7094668407
 13.7462109724
 13.7830318990
 13.8199276645
 13.8568961035
 13.8939349761
 13.9310420419
 13.9682149917
 14.0054511120
 14.0427475432
 14.0801014253
 14.1175100061
 14.1549711691
 14.1924830308
 14.2300437082
 14.2676514631
 14.3053054257
 14.3430050481
 14.3807497825
 14.4185391417
 14.4563730044
 14.4942513863
 14.5321743035
 14.5701417638
 14.6081537260
 14.6462101301
 14.6843109164
 14.7224559927
 14.7606450691
 14.7988777794
 14.8371537574
 14.8754726218
 14.9138338961
 14.9522370673
 14.9906816223
 15.0291670916
 15.0676932855
 15.1062601235
 15.1448675256
 15.1835154400
 15.2222039990
 15.2609334077
 15.2997038711
 15.3385156619
 15.3773694912
 15.4162662459
 15.4552068132
 15.4941920907
 15.5332230423
 15.5723006592
 15.6114259324
 15.6505998349
 15.6898232168
 15.7290968782
 15.7684216189
 15.8077981891
 15.8472270018
 15.8867083306
 15.9262424485
 15.9658295846
 16.0054696670
 16.0451624979
 16.0849078788
 16.1247055703
 16.1645550486
 16.2044556694
 16.2444067880
 16.2844077702
 16.3244580565
 16.3645571192
 16.4047044308
 16.4448994516
 16.4851415568
 16.5254300848
 16.5657643737
 16.6061438153
 16.6465681880
 16.6870374393
 16.7275515174
 16.7681104095
 16.8087143867
 16.8493638455
 16.8900591831
 16.9308008374
 16.9715895466
 17.0124261833
 17.0533116208
 17.0942467591
 17.1352326986
 17.1762706299
 17.2173617447
 17.2585072345
 17.2997082949
 17.3409661231
 17.3822819164
 17.4236568464
 17.4650918907
 17.5065879367
 17.5481458716
 17.5897665798
 17.6314509265
 17.6731997675
 17.7150139586
 17.7568940663
 17.7988383812
 17.8408441191
 17.8829084891
 17.9250284598
 17.9671990851
 18.0094145044
 18.0516688513
 18.0939562212
 18.1362704039
 18.1786050411
 18.2209537736
 18.2633103191
 18.3056690249
 18.3480245452
 18.3903715364
 18.4327047601
 18.4750198479
 18.5173128612
 18.5595798639
 18.6018169775
 18.6440208022
 18.6861881770
 18.7283159425
 18.7704009403
 18.8124400170
 18.8544300220
 18.8963678049
 18.9382501787
 18.9800736450
 19.0218345461
 19.0635292233
 19.1051539951
 19.1467049809
 19.1881781977
 19.2295696619
 19.2708753548
 19.3120909529
 19.3532119732
 19.3942339318
 19.4351523564
 19.4759628824
 19.5166612014
 19.5572430058
 19.5977039906
 19.6380398756
 19.6782463938
 19.7183192782
 19.7582542670
 19.7980471426
 19.8376937117
 19.8771897809
 19.9165311518
 19.9557135753
 19.9947327752
 20.0335844750
 20.0722643952
 20.1107682290
 20.1490916543
 20.1872303491
 20.2251799839
 20.2629361584
 20.3004944333
 20.3378503689
 20.3749995345
 20.4119375885
 20.4486602392
 20.4851631956
 20.5214421523
 20.5574926643
 20.5933102078
 20.6288902575
 20.6642282992
 20.6993199232
 20.7341607801
 20.7687465213
 20.8030728010
 20.8371353040
 20.8709297330
 20.9044517905
 20.9376971839
 20.9706616653
 21.0033410133
 21.0357310068
 21.0678274204
 21.0996259853
 21.1311224070
 21.1623123904
 21.1931916685
 21.2237562669
 21.2540023863
 21.2839262298
 21.3135243432
 21.3427969252
 21.3717463816
 21.4003751489
 21.4286858632
 21.4566833189
 21.4843736283
 21.5117629224
 21.5388573117
 21.5656626794
 21.5921847687
 21.6184293207
 21.6444019960
 21.6701075627
 21.6955502317
 21.7207342060
 21.7456636101
 21.7703416901
 21.7947711383
 21.8189546385
 21.8428948565
 21.8665942543
 21.8900551643
 21.9132799166
 21.9362708737
 21.9590307713
 21.9815625855
 22.0038692962
 22.0259539227
 22.0478199439
 22.0694711377
 22.0909112875
 22.1121442002
 22.1331739686
 22.1540048731
 22.1746411976
 22.1950872305
 22.2153473166
 22.2354258386
 22.2553271797
 22.2750556961
 22.2946154155
 22.3140101449
 22.3332436872
 22.3523198350
 22.3712422520
 22.3900145145
 22.4086401972
 22.4271228606
 22.4454658862
 22.4636725327
 22.4817460567
 22.4996897073
 22.5175066412
 22.5351999511
 22.5527727283
 22.5702280635
 22.5875690401
 22.6047987358
 22.6219202284
 22.6389365950
 22.6558509018
 22.6726662075
 22.6893855707
 22.7060120567
 22.7225488204
 22.7389990807
 22.7553660579
 22.7716529808
 22.7878631941
 22.8040001263
 22.8200672074
 22.8360678822
 22.8520057955
 22.8678847377
 22.8837085026
 22.8994808958
 22.9152058859
 22.9308875619
 22.9465300152
 22.9621373493
 22.9777138341
 22.9932638632
 23.0087918333
 23.0243021645
 23.0397996164
 23.0552892038
 23.0707759479
 23.0862648067
 23.1017598151
 23.1172643066
 23.1327815973
 23.1483147938
 23.1638638819
 23.1794264528
 23.1950000361
 23.2105820865
 23.2261689195
 23.2417559679
 23.2573386411
 23.2729123613
 23.2884727436
 23.3040155550
 23.3195365662
 23.3350315953
 23.3504972009
 23.3659305275
 23.3813287357
 23.3966890078
 23.4120088725
 23.4272861353
 23.4425186096
 23.4577041157
 23.4728405876
 23.4879260512
 23.5029585346
 23.5179360507
 23.5328563536
 23.5477169870
 23.5625154883
 23.5772493848
 23.5919160365
 23.6065126655
 23.6210364896
 23.6354847268
 23.6498545980
 23.6641433261
 23.6783481340
 23.6924662537
 23.7064950685
 23.7204320892
 23.7342748305
 23.7480208150
 23.7616677012
 23.7752132633
 23.7886552792
 23.8019915345
 23.8152199521
 23.8283385734
 23.8413454434
 23.8542385980
 23.8670159093
 23.8796751070
 23.8922139162
 23.9046300599
 23.9169212222
 23.9290850528
 23.9411192007
 23.9530213049
 23.9647888254
 23.9764190631
 23.9879093137
 23.9992568666
 24.0104588954
 24.0215124699
 24.0324146564
 24.0431625159
 24.0537530118
 24.0641830189
 24.0744494089
 24.0845490509
 24.0944787652
 24.1042353267
 24.1138155093
 24.1232160865
 24.1324338332
 24.1414655251
 24.1503079382
 24.1589578509
 24.1674120946
 24.1756675498
 24.1837210989
 24.1915696256
 24.1992100384
 24.2066392692
 24.2138542508
 24.2208519085
 24.2276290082
 24.2341821644
 24.2405079856
 24.2466031553
 24.2524659713
 24.2580962826
 24.2634940008
 24.2686591455
 24.2735940895
 24.2783034906
 24.2827921008
 24.2870646874
 24.2911263526
 24.2949825276
 24.2986386572
 24.3021001645
 24.3053719737
 24.3084585151
 24.3113641978
 24.3140933997
 24.3166497812
 24.3190362838
 24.3212558180
 24.3233112786
 24.3252051956
 24.3269397302
 24.3285170273
 24.3299392348
 24.3312085772
 24.3323273569
 24.3332978798
 24.3341224610
 24.3348036368
 24.3353441722
 24.3357468424
 24.3360144345
 24.3361500257
 24.3361569960
 24.3360387394
 24.3357986523
 24.3354401874
 24.3349668573
 24.3343821772
 24.3336896638
 24.3328928717
 24.3319953955
 24.3310008319
 24.3299127753
 24.3287347587
 24.3274702496
 24.3261227122
 24.3246956092
 24.3231923661
 24.3216163679
 24.3199709975
 24.3182596373
 24.3164856540
 24.3146523975
 24.3127632166
 24.3108214596
 24.3088304592
 24.3067935308
 24.3047139889
 24.3025951465
 24.3004402720
 24.2982525834
 24.2960352965
 24.2937916282
 24.2915248328
 24.2892382074
 24.2869350511
 24.2846186627
 24.2822923258
 24.2799593066
 24.2776228706
 24.2752862849
 24.2729528634
 24.2706259748
 24.2683089906
 24.2660052836
 24.2637182632
 24.2614513819
 24.2592080943
 24.2569918569
 24.2548061859
 24.2526546673
 24.2505408911
 24.2484684478
 24.2464409398
 24.2444619832
 24.2425351954
 24.2406641995
 24.2388528195
 24.2371051204
 24.2354251818
 24.2338170410
 24.2322833118
 24.2308248777
 24.2294425176
 24.2281369668
 24.2269074502
 24.2257513383
 24.2246658875
 24.2236483499
 24.2226958174
 24.2218051834
 24.2209733288
 24.2201971450
 24.2194738944
 24.2188013051
 24.2181771348
 24.2175991536
 24.2170656043
 24.2165753280
 24.2161272041
 24.2157201172
 24.2153531444
 24.2150256091
 24.2147368507
 24.2144862063
 24.2142729180
 24.2140961058
 24.2139548812
 24.2138483522
 24.2137754743
 24.2137350043
 24.2137256856
 24.2137462580
 24.2137953170
 24.2138712679
 24.2139725030
 24.2140974132
 24.2142443385
 24.2144115506
 24.2145973164
 24.2147999038
 24.2150176069
 24.2152487556
 24.2154916825
 24.2157447216
 24.2160062715
 24.2162748189
 24.2165488570
 24.2168268789
 24.2171073902
 24.2173889132
 24.2176699713
 24.2179490894
 24.2182248559
 24.2184959477
 24.2187610477
 24.2190188398
 24.2192680222
 24.2195073146
 24.2197354380
 24.2199511138
 24.2201530852
 24.2203401261
 24.2205110125
 24.2206645212
 24.2207994516
 24.2209146361
 24.2210089097
 24.2210811068
 24.2211300363
 24.2211544705
 24.2211531786
 24.2211249290
 24.2210684478
 24.2209823991
 24.2208654422
 24.2207162354
 24.2205334023
 24.2203155147
 24.2200611400
 24.2197688447
 24.2194371231
 24.2190643623
 24.2186489406
 24.2181892351
 24.2176835564
 24.2171301145
 24.2165271108
 24.2158727464
 24.2151651937
 24.2144025805
 24.2135830314
 24.2127046888
 24.2117667649
 24.2107701214
 24.2097157610
 24.2086046967
 24.2074385791
 24.2062200521
 24.2049518455
 24.2036366887
 24.2022772817
 24.2008762784
 24.1994363285
 24.1979600780
 24.1964499332
 24.1949079185
 24.1933360243
 24.1917362379
 24.1901103337
 24.1884597434
 24.1867858680
 24.1850901077
 24.1833738058
 24.1816382140
 24.1798845752
 24.1781141339
 24.1763282285
 24.1745283516
 24.1727160103
 24.1708927125
 24.1690600356
 24.1672196726
 24.1653733271
 24.1635227036
 24.1616695641
 24.1598157670
 24.1579631800
 24.1561136701
 24.1542690593
 24.1524310929
 24.1506015088
 24.1487820441
 24.1469743565
 24.1451799686
 24.1434003896
 24.1416371277
 24.1398916127
 24.1381651382
 24.1364589845
 24.1347744313
 24.1331127132
 24.1314749859
 24.1298623973
 24.1282760943
 24.1267171479
 24.1251864948
 24.1236850581
 24.1222137608
 24.1207735357
 24.1193653326
 24.1179901030
 24.1166487987
 24.1153423666
 24.1140717463
 24.1128378761
 24.1116416948
 24.1104841610
 24.1093662699
 24.1082890204
 24.1072534120
 24.1062604987
 24.1053114345
 24.1044073840
 24.1035495123
 24.1027390071
 24.1019770977
 24.1012650183
 24.1006040036
 24.0999953384
 24.0994404027
 24.0989405867
 24.0984972810
 24.0981118966
 24.0977858838
 24.0975206972
 24.0973177919
 24.0971786803
 24.0971049851
 24.0970983415
 24.0971603831
 24.0972925318
 24.0974957977
 24.0977711436
 24.0981195260
 24.0985411110
 24.0990345100
 24.0995981528
 24.1002304672
 24.1009295955
 24.1016931122
 24.1025185244
 24.1034033402
 24.1043451432
 24.1053416690
 24.1063906716
 24.1074899065
 24.1086373290
 24.1098313015
 24.1110702354
 24.1123525433
 24.1136767791
 24.1150417875
 24.1164464489
 24.1178896439
 24.1193702919
 24.1208873923
 24.1224399548
 24.1240269887
 24.1256474618
 24.1273002545
 24.1289842363
 24.1306982768
 24.1324412409
 24.1342119840
 24.1360093602
 24.1378322236
 24.1396794148
 24.1415497453
 24.1434420229
 24.1453550558
 24.1472876941
 24.1492388802
 24.1512075681
 24.1531927123
 24.1551933050
 24.1572084217
 24.1592371487
 24.1612785727
 24.1633318158
 24.1653960789
 24.1674705737
 24.1695545115
 24.1716471200
 24.1737476620
 24.1758554052
 24.1779696176
 24.1800895878
 24.1822146515
 24.1843441508
 24.1864774279
 24.1886138193
 24.1907526485
 24.1928932371
 24.1950349067
 24.1971769829
 24.1993187995
 24.2014596919
 24.2035989950
 24.2057360249
 24.2078700525
 24.2100003426
 24.2121261597
 24.2142467593
 24.2163613753
 24.2184692385
 24.2205695798
 24.2226616062
 24.2247444680
 24.2268173069
 24.2288792650
 24.2309294771
 24.2329670611
 24.2349911325
 24.2370008067
 24.2389952007
 24.2409734361
 24.2429346348
 24.2448779189
 24.2468023718
 24.2487069826
 24.2505907257
 24.2524525760
 24.2542916376
 24.2561073379
 24.2578991543
 24.2596665645
 24.2614092223
 24.2631272275
 24.2648207492
 24.2664899564
 24.2681350367
 24.2697562242
 24.2713537606
 24.2729278872
 24.2744788043
 24.2760066048
 24.2775113644
 24.2789931589
 24.2804519832
 24.2818876209
 24.2832998213
 24.2846883339
 24.2860528631
 24.2873929949
 24.2887082958
 24.2899983322
 24.2912626476
 24.2925007237
 24.2937120318
 24.2948960436
 24.2960522228
 24.2971800125
 24.2982788524
 24.2993481821
 24.3003874440
 24.3013960877
 24.3023735642
 24.3033193244
 24.3042327857
 24.3051132731
 24.3059600955
 24.3067725620
 24.3075499747
 24.3082916165
 24.3089967671
 24.3096647061
 24.3102946862
 24.3108858844
 24.3114374640
 24.3119485885
 24.3124184028
 24.3128459996
 24.3132304619
 24.3135708728
 24.3138662917
 24.3141157093
 24.3143181037
 24.3144724534
 24.3145777227
 24.3146328360
 24.3146367101
 24.3145882620
 24.3144864062
 24.3143300508
 24.3141181027
 24.3138494687
 24.3135230464
 24.3131377054
 24.3126923102
 24.3121857254
 24.3116168107
 24.3109844117
 24.3102873711
 24.3095245318
 24.3086947451
 24.3077968884
 24.3068298442
 24.3057924948
 24.3046837261
 24.3035024341
 24.3022475169
 24.3009178726
 24.2995123957
 24.2980299698
 24.2964694763
 24.2948297967
 24.2931098270
 24.2913085107
 24.2894248005
 24.2874576491
 24.2854059679
 24.2832685363
 24.2810441068
 24.2787314322
 24.2763295677
 24.2738385514
 24.2712586211
 24.2685900145
 24.2658332978
 24.2629901168
 24.2600623392
 24.2570518326
 24.2539605454
 24.2507906946
 24.2475445535
 24.2442243949
 24.2408324305
 24.2373706661
 24.2338410638
 24.2302455860
 24.2265861347
 24.2228644075
 24.2190820587
 24.2152407422
 24.2113420799
 24.2073875825
 24.2033787367
 24.1993170292
 24.1952039855
 24.1910412652
 24.1868305574
 24.1825735510
 24.1782719676
 24.1739276429
 24.1695424380
 24.1651182139
 24.1606568878
 24.1561605770
 24.1516314437
 24.1470716498
 24.1424833607
 24.1378687537
 24.1332300088
 24.1285693061
 24.1238888235
 24.1191907318
 24.1144771998
 24.1097503966
 24.1050124909
 24.1002656505
 24.0955120430
 24.0907538361
 24.0859932049
 24.0812323532
 24.0764734913
 24.0717188295
 24.0669705797
 24.0622309593
 24.0575021871
 24.0527864821
 24.0480860828
 24.0434033042
 24.0387404795
 24.0340999417
 24.0294840123
 24.0248949675
 24.0203350723
 24.0158065918
 24.0113118267
 24.0068532166
 24.0024332352
 23.9980543562
 23.9937190399
 23.9894296936
 23.9851887111
 23.9809984866
 23.9768614210
 23.9727799432
 23.9687564890
 23.9647934941
 23.9608933928
 23.9570586124
 23.9532915786
 23.9495947170
 23.9459704655
 23.9424213118
 23.9389497560
 23.9355582988
 23.9322494393
 23.9290256721
 23.9258894906
 23.9228433882
 23.9198898565
 23.9170313797
 23.9142704401
 23.9116095201
 23.9090505243
 23.9065929003
 23.9042354424
 23.9019769448
 23.8998158028
 23.8977486938
 23.8957718334
 23.8938814371
 23.8920736934
 23.8903446743
 23.8886904197
 23.8871069697
 23.8855904816
 23.8841376290
 23.8827452275
 23.8814100930
 23.8801291539
 23.8788998400
 23.8777197213
 23.8765863674
 23.8754973740
 23.8744504524
 23.8734433468
 23.8724738012
 23.8715395189
 23.8706380168
 23.8697667586
 23.8689232082
 23.8681047572
 23.8673084656
 23.8665312973
 23.8657702164
 23.8650221564
 23.8642839077
 23.8635522193
 23.8628238400
 23.8620954964
 23.8613638100
 23.8606253711
 23.8598767701
 23.8591146252
 23.8583356887
 23.8575367528
 23.8567146096
 23.8558660512
 23.8549878688
 23.8540768535
 23.8531297962
 23.8521434929
 23.8511147630
 23.8500404330
 23.8489173296
 23.8477422617
 23.8465119500
 23.8452230880
 23.8438723693
 23.8424564842
 23.8409721067
 23.8394159061
 23.8377845516
 23.8360746979
 23.8342829280
 23.8324058020
 23.8304398798
 23.8283817154
 23.8262278312
 23.8239747394
 23.8216189523
 23.8191569666
 23.8165851973
 23.8139000328
 23.8110978617
 23.8081750742
 23.8051280689
 23.8019532472
 23.7986470105
 23.7952057407
 23.7916257162
 23.7879031811
 23.7840343794
 23.7800155495
 23.7758428991
 23.7715126257
 23.7670209267
 23.7623639607
 23.7575376737
 23.7525379397
 23.7473606327
 23.7420017574
 23.7364580407
 23.7307264569
 23.7248039810
 23.7186882660
 23.7123807548
 23.7058842050
 23.6992013755
 23.6923353182
 23.6852907395
 23.6780729267
 23.6706871678
 23.6631387176
 23.6554326410
 23.6475739354
 23.6395675982
 23.6314185014
 23.6231307909
 23.6147083516
 23.6061550681
 23.5974747080
 23.5886703509
 23.5797448271
 23.5707009662
 23.5615415945
 23.5522695166
 23.5428875292
 23.5333984291
 23.5238050791
 23.5141107379
 23.5043188115
 23.4944327061
 23.4844558965
 23.4743922752
 23.4642458914
 23.4540207947
 23.4437210743
 23.4333510650
 23.4229151943
 23.4124178899
 23.4018635706
 23.3912565977
 23.3806013106
 23.3699020488
 23.3591631380
 23.3483888178
 23.3375832946
 23.3267507746
 23.3158954352
 23.3050212693
 23.2941321976
 23.2832321402
 23.2723250352
 23.2614149326
 23.2505059274
 23.2396021145
 23.2287075923
 23.2178264800
 23.2069629054
 23.1961209964
 23.1853049007
 23.1745188985
 23.1637673240
 23.1530545111
 23.1423848132
 23.1317627122
 23.1211927429
 23.1106794402
 23.1002273512
 23.0898411060
 23.0795253693
 23.0692848056
 23.0591240938
 23.0490480095
 23.0390613692
 23.0291689892
 23.0193756989
 23.0096864173
 23.0001061015
 22.9906397088
 22.9812922078
 22.9720686480
 22.9629741135
 22.9540136888
 22.9451924729
 22.9365156705
 22.9279885323
 22.9196163090
 22.9114042973
 22.9033581239
 22.8954835605
 22.8877863795
 22.8802720947
 22.8729443294
 22.8658058681
 22.8588594916
 22.8521074602
 22.8455481827
 22.8391783399
 22.8329946044
 22.8269935047
 22.8211704904
 22.8155205217
 22.8100385564
 22.8047196107
 22.7995591457
 22.7945528260
 22.7896963177
 22.7849854187
 22.7804169426
 22.7759881735
 22.7716963983
 22.7675389719
 22.7635137784
 22.7596189501
 22.7558526209
 22.7522129240
 22.7486979895
 22.7453059460
 22.7420349221
 22.7388829827
 22.7358476853
 22.7329263445
 22.7301162732
 22.7274147349
 22.7248185942
 22.7223245225
 22.7199291896
 22.7176292537
 22.7154212739
 22.7133017609
 22.7112672251
 22.7093141977
 22.7074393809
 22.7056395618
 22.7039115281
 22.7022520957
 22.7006583161
 22.6991273594
 22.6976563962
 22.6962426134
 22.6948833357
 22.6935759572
 22.6923178727
 22.6911064749
 22.6899391386
 22.6888132300
 22.6877261147
 22.6866751453
 22.6856575572
 22.6846705253
 22.6837112241
 22.6827768117
 22.6818643002
 22.6809706259
 22.6800927241
 22.6792275151
 22.6783717817
 22.6775222343
 22.6766755827
 22.6758285323
 22.6749777496
 22.6741198802
 22.6732515695
 22.6723694534
 22.6714700820
 22.6705499585
 22.6696055858
 22.6686334621
 22.6676300395
 22.6665917452
 22.6655150064
 22.6643962378
 22.6632317376
 22.6620177402
 22.6607504793
 22.6594261840
 22.6580410424
 22.6565912197
 22.6550728807
 22.6534821514
 22.6518147811
 22.6500663072
 22.6482322645
 22.6463083614
 22.6442920157
 22.6421816170
 22.6399755660
 22.6376725059
 22.6352734975
 22.6327809910
 22.6301974534
 22.6275254099
 22.6247679760
 22.6219286101
 22.6190107748
 22.6160178922
 22.6129529687
 22.6098187671
 22.6066180469
 22.6033534990
 22.6000271022
 22.5966404125
 22.5931949803
 22.5896923205
 22.5861335726
 22.5825196510
 22.5788514670
 22.5751299389
 22.5713560598
 22.5675308676
 22.5636554012
 22.5597307234
 22.5557581585
 22.5517391906
 22.5476753063
 22.5435680182
 22.5394191278
 22.5352306145
 22.5310044610
 22.5267426472
 22.5224471288
 22.5181198459
 22.5137627385
 22.5093777301
 22.5049665572
 22.5005308385
 22.4960721909
 22.4915922155
 22.4870923328
 22.4825738486
 22.4780380665
 22.4734862827
 22.4689197053
 22.4643394859
 22.4597467750
 22.4551427271
 22.4505285440
 22.4459054581
 22.4412747026
 22.4366375228
 22.4319953099
 22.4273495513
 22.4227017364
 22.4180533622
 22.4134060236
 22.4087613802
 22.4041210930
 22.3994868338
 22.3948604098
 22.3902437192
 22.3856386617
 22.3810471364
 22.3764710316
 22.3719122282
 22.3673726072
 22.3628540514
 22.3583584695
 22.3538877881
 22.3494439338
 22.3450288372
 22.3406444770
 22.3362928653
 22.3319760150
 22.3276959460
 22.3234547722
 22.3192546730
 22.3150978294
 22.3109864325
 22.3069228086
 22.3029093796
 22.2989485697
 22.2950428164
 22.2911947401
 22.2874070923
 22.2836826270
 22.2800239777
 22.2764321326
 22.2729068894
 22.2694480196
 22.2660552014
 22.2627268237
 22.2594603329
 22.2562531538
 22.2531026976
 22.2500061806
 22.2469606751
 22.2439632503
 22.2410110065
 22.2381014922
 22.2352325895
 22.2324021889
 22.2296082135
 22.2268490611
 22.2241234879
 22.2214302584
 22.2187681507
 22.2161361387
 22.2135333451
 22.2109588968
 22.2084119145
 22.2058914311
 22.2033964117
 22.2009258197
 22.1984786038
 22.1960534887
 22.1936490248
 22.1912637581
 22.1888962288
 22.1865448880
 22.1842081172
 22.1818842957
 22.1795718049
 22.1772690545
 22.1749744764
 22.1726865034
 22.1704035809
 22.1681243564
 22.1658476395
 22.1635722445
 22.1612969913
 22.1590207939
 22.1567426420
 22.1544615280
 22.1521764474
 22.1498864535
 22.1475906471
 22.1452881300
 22.1429779982
 22.1406592483
 22.1383307944
 22.1359915483
 22.1336404167
 22.1312762221
 22.1288977161
 22.1265036487
 22.1240927637
 22.1216637074
 22.1192150432
 22.1167453323
 22.1142531353
 22.1117370090
 22.1091955064
 22.1066271808
 22.1040305841
 22.1014042498
 22.0987466954
 22.0960564379
 22.0933319961
 22.0905719224
 22.0877747987
 22.0849392075
 22.0820637278
 22.0791468682
 22.0761870754
 22.0731827942
 22.0701324642
 22.0670344317
 22.0638869601
 22.0606883100
 22.0574367327
 22.0541303041
 22.0507669430
 22.0473445627
 22.0438610809
 22.0403145081
 22.0367029380
 22.0330244676
 22.0292772717
 22.0254610606
 22.0215769507
 22.0176261101
 22.0136097448
 22.0095298113
 22.0053889615
 22.0011898732
 21.9969352200
 21.9926275893
 21.9882694881
 21.9838634203
 21.9794118720
 21.9749169627
 21.9703804653
 21.9658041394
 21.9611897235
 21.9565385149
 21.9518513897
 21.9471292072
 21.9423728216
 21.9375829791
 21.9327603211
 21.9279054852
 21.9230191130
 21.9181019435
 21.9131548098
 21.9081785490
 21.9031740048
 21.8981421684
 21.8930841758
 21.8880011692
 21.8828942934
 21.8777647565
 21.8726138290
 21.8674427844
 21.8622528921
 21.8570453354
 21.8518212110
 21.8465816115
 21.8413276226
 21.8360601622
 21.8307799779
 21.8254878096
 21.8201843953
 21.8148704174
 21.8095465025
 21.8042132743
 21.7988713549
 21.7935213234
 21.7881637146
 21.7827990614
 21.7774278989
 21.7720508216
 21.7666684862
 21.7612815523
 21.7558906823
 21.7504966068
 21.7451001293
 21.7397020566
 21.7343031967
 21.7289043946
 21.7235065340
 21.7181105008
 21.7127171804
 21.7073274531
 21.7019421931
 21.6965622748
 21.6911885714
 21.6858219409
 21.6804632238
 21.6751132599
 21.6697728894
 21.6644429637
 21.6591243472
 21.6538179047
 21.6485245025
 21.6432450513
 21.6379805110
 21.6327318440
 21.6275000170
 21.6222861156
 21.6170913589
 21.6119169733
 21.6067641919
 21.6016344442
 21.5965293829
 21.5914506725
 21.5863999606
 21.5813783827
 21.5763864881
 21.5714247936
 21.5664937699
 21.5615924810
 21.5567183619
 21.5518687567
 21.5470409945
 21.5422319434
 21.5374379314
 21.5326552564
 21.5278802205
 21.5231092795
 21.5183390697
 21.5135662380
 21.5087874448
 21.5039997852
 21.4992008737
 21.4943883553
 21.4895598835
 21.4847133915
 21.4798471502
 21.4749594509
 21.4700485871
 21.4651129387
 21.4601509905
 21.4551612337
 21.4501421549
 21.4450920754
 21.4400091132
 21.4348913741
 21.4297369595
 21.4245438305
 21.4193097730
 21.4140325619
 21.4087099715
 21.4033397516
 21.3979196210
 21.3924472967
 21.3869204982
 21.3813370397
 21.3756948556
 21.3699918881
 21.3642260831
 21.3583955192
 21.3524984459
 21.3465331237
 21.3404978157
 21.3343908719
 21.3282107563
 21.3219559398
 21.3156248929
 21.3092160519
 21.3027278087
 21.2961585521
 21.2895066703
 21.2827705260
 21.2759484483
 21.2690387636
 21.2620397963
 21.2549497739
 21.2477667948
 21.2404889483
 21.2331143230
 21.2256409820
 21.2180669535
 21.2103902634
 21.2026089378
 21.1947210085
 21.1867245159
 21.1786175006
 21.1703980040
 21.1620640860
 21.1536138324
 21.1450453308
 21.1363566686
 21.1275459221
 21.1186111520
 21.1095504178
 21.1003617778
 21.0910432306
 21.0815926906
 21.0720080660
 21.0622872633
 21.0524281033
 21.0424282854
 21.0322854998
 21.0219974328
 21.0115615880
 21.0009752061
 20.9902355079
 20.9793397285
 20.9682858598
 20.9570729918
 20.9457003010
 20.9341669912
 20.9224736878
 20.9106231025
 20.8986181134
 20.8864616065
 20.8741568881
 20.8617078885
 20.8491185880
 20.8363929637
 20.8235347988
 20.8105475863
 20.7974347953
 20.7841998872
 20.7708458812
 20.7573751277
 20.7437899212
 20.7300925514
 20.7162850300
 20.7023689437
 20.6883458431
 20.6742172788
 20.6599848001
 20.6456499541
 20.6312142876
 20.6166793501
 20.6020468480
 20.5873187327
 20.5724969768
 20.5575835569
 20.5425806769
 20.5274909009
 20.5123168242
 20.4970610426
 20.4817261543
 20.4663147618
 20.4508294680
 20.4352728746
 20.4196475016
 20.4039557378
 20.3881999599
 20.3723825427
 20.3565057250
 20.3405715244
 20.3245819379
 20.3085389620
 20.2924445314
 20.2763004801
 20.2601086322
 20.2438708127
 20.2275888699
 20.2112646919
 20.1949001702
 20.1784971982
 20.1620577692
 20.1455840459
 20.1290782073
 20.1125424328
 20.0959789624
 20.0793901382
 20.0627783123
 20.0461458381
 20.0294951654
 20.0128289094
 19.9961497020
 19.9794601746
 19.9627629298
 19.9460605208
 19.9293554956
 19.9126504024
 19.8959477957
 19.8792502411
 19.8625603052
 19.8458805551
 19.8292135864
 19.8125620457
 19.7959285845
 19.7793158555
 19.7627265852
 19.7461636329
 19.7296298717
 19.7131281756
 19.6966615055
 19.6802329797
 19.6638457331
 19.6475029017
 19.6312077353
 19.6149636920
 19.5987742520
 19.5826428916
 19.5665726734
 19.5505658954
 19.5346247728
 19.5187515173
 19.5029479861
 19.4872153726
 19.4715547978
 19.4559673814
 19.4404541195
 19.4250157746
 19.4096530832
 19.3943667826
 19.3791577069
 19.3640268747
 19.3489753257
 19.3340041005
 19.3191143782
 19.3043076054
 19.2895852590
 19.2749488167
 19.2603998411
 19.2459400603
 19.2315712218
 19.2172950727
 19.2031133538
 19.1890277922
 19.1750401137
 19.1611520439
 19.1473652631
 19.1336813625
 19.1201019222
 19.1066285224
 19.0932626945
 19.0800058723
 19.0668594778
 19.0538249335
 19.0409037133
 19.0280973962
 19.0154075739
 19.0028358384
 18.9903838180
 18.9780532153
 18.9658457423
 18.9537631114
 18.9418070936
 18.9299795824
 18.9182824865
 18.9067177148
 18.8952871935
 18.8839928850
 18.8728367563
 18.8618207745
 18.8509468858
 18.8402169929
 18.8296329929
 18.8191967824
 18.8089102155
 18.7987750534
 18.7887930456
 18.7789659414
 18.7692954477
 18.7597831795
 18.7504307401
 18.7412397323
 18.7322117341
 18.7233482686
 18.7146508517
 18.7061209989
 18.6977601947
 18.6895698543
 18.6815513831
 18.6737061870
 18.6660356625
 18.6585411860
 18.6512241311
 18.6440858712
 18.6371277221
 18.6303508691
 18.6237564797
 18.6173457206
 18.6111196966
 18.6050793686
 18.5992256774
 18.5935595637
 18.5880819240
 18.5827935521
 18.5776952270
 18.5727877277
 18.5680717063
 18.5635475182
 18.5592154759
 18.5550758896
 18.5511283163
 18.5473705247
 18.5438000240
 18.5404143221
 18.5372105003
 18.5341846167
 18.5313325787
 18.5286502935
 18.5261336494
 18.5237784878
 18.5215806432
 18.5195359505
 18.5176404593
 18.5158907449
 18.5142834623
 18.5128152667
 18.5114830102
 18.5102840331
 18.5092157502
 18.5082755765
 18.5074609909
 18.5067696327
 18.5061991662
 18.5057472551
 18.5054114834
 18.5051892321
 18.5050778503
 18.5050746867
 18.5051769579
 18.5053815400
 18.5056852556
 18.5060849271
 18.5065772849
 18.5071588215
 18.5078259912
 18.5085752483
 18.5094030356
 18.5103057666
 18.5112798495
 18.5123216928
 18.5134277469
 18.5145945727
 18.5158187495
 18.5170968565
 18.5184255234
 18.5198015154
 18.5212216197
 18.5226826241
 18.5241813286
 18.5257145675
 18.5272791808
 18.5288720087
 18.5304898721
 18.5321295402
 18.5337877732
 18.5354613312
 18.5371469456
 18.5388412672
 18.5405409330
 18.5422425801
 18.5439428328
 18.5456382796
 18.5473255028
 18.5490010847
 18.5506616203
 18.5523037409
 18.5539240842
 18.5555192882
 18.5570860202
 18.5586210339
 18.5601210980
 18.5615829814
 18.5630034837
 18.5643794944
 18.5657079191
 18.5669856634
 18.5682096548
 18.5693768855
 18.5704843595
 18.5715290807
 18.5725080792
 18.5734184631
 18.5742573546
 18.5750218759
 18.5757091179
 18.5763160760
 18.5768397280
 18.5772770518
 18.5776252861
 18.5778824638
 18.5780467679
 18.5781163821
 18.5780901834
 18.5779691844
 18.5777548068
 18.5774484726
 18.5770518852
 18.5765676239
 18.5759984378
 18.5753470764
 18.5746162559
 18.5738085889
 18.5729266675
 18.5719730838
 18.5709502424
 18.5698599500
 18.5687038946
 18.5674837644
 18.5662010954
 18.5648569351
 18.5634522324
 18.5619879361
 18.5604649800
 18.5588842484
 18.5572466155
 18.5555529557
 18.5538042307
 18.5520016904
 18.5501466445
 18.5482404023
 18.5462843850
 18.5442803861
 18.5422302765
 18.5401359273
 18.5379992687
 18.5358224301
 18.5336075832
 18.5313568993
 18.5290725393
 18.5267566268
 18.5244112776
 18.5220386076
 18.5196406864
 18.5172194243
 18.5147766974
 18.5123143816
 18.5098343196
 18.5073382386
 18.5048278403
 18.5023048263
 18.4997709011
 18.4972277783
 18.4946771738
 18.4921208033
 18.4895604218
 18.4869979238
 18.4844352355
 18.4818742828
 18.4793170278
 18.4767655632
 18.4742220114
 18.4716884947
 18.4691671566
 18.4666602188
 18.4641699205
 18.4616985012
 18.4592481990
 18.4568212466
 18.4544198755
 18.4520463175
 18.4497027931
 18.4473914823
 18.4451145553
 18.4428741824
 18.4406725275
 18.4385117312
 18.4363939282
 18.4343212533
 18.4322958477
 18.4303198778
 18.4283955157
 18.4265249335
 18.4247103111
 18.4229538577
 18.4212577900
 18.4196243246
 18.4180556959
 18.4165542095
 18.4151221885
 18.4137619557
 18.4124757448
 18.4112654334
 18.4101328110
 18.4090796668
 18.4081076029
 18.4072174667
 18.4064099163
 18.4056856096
 18.4050451218
 18.4044886913
 18.4040164706
 18.4036286125
 18.4033252601
 18.4031065174
 18.4029724784
 18.4029232370
 18.4029589148
 18.4030797482
 18.4032860038
 18.4035779479
 18.4039558653
 18.4044201174
 18.4049710860
 18.4056091531
 18.4063346883
 18.4071480100
 18.4080494228
 18.4090392312
 18.4101177059
 18.4112849701
 18.4125411076
 18.4138862020
 18.4153203018
 18.4168433019
 18.4184550553
 18.4201554149
 18.4219442139
 18.4238211978
 18.4257860880
 18.4278386059
 18.4299784703
 18.4322053892
 18.4345190671
 18.4369192088
 18.4394055227
 18.4419777342
 18.4446355732
 18.4473787698
 18.4502070510
 18.4531201293
 18.4561177131
 18.4591995109
 18.4623652154
 18.4656144470
 18.4689468050
 18.4723618887
 18.4758592737
 18.4794384240
 18.4830987711
 18.4868397462
 18.4906607566
 18.4945610939
 18.4985400155
 18.5025967788
 18.5067306247
 18.5109407150
 18.5152261877
 18.5195861807
 18.5240198203
 18.5285261757
 18.5331042991
 18.5377532426
 18.5424720522
 18.5472597449
 18.5521153286
 18.5570378112
 18.5620261931
 18.5670794367
 18.5721964926
 18.5773763114
 18.5826178344
 18.5879199549
 18.5932815510
 18.5987015011
 18.6041786733
 18.6097118841
 18.6152999336
 18.6209416220
 18.6266357473
 18.6323810973
 18.6381764565
 18.6440206092
 18.6499122980
 18.6558500474
 18.6618323106
 18.6678575412
 18.6739241562
 18.6800303824
 18.6861743838
 18.6923543241
 18.6985683633
 18.7048146384
 18.7110912792
 18.7173964153
 18.7237281947
 18.7300848633
 18.7364646999
 18.7428659835
 18.7492870103
 18.7557261712
 18.7621818891
 18.7686525873
 18.7751366958
 18.7816326838
 18.7881390340
 18.7946542290
 18.8011767459
 18.8077050302
 18.8142375164
 18.8207726391
 18.8273088232
 18.8338444389
 18.8403778372
 18.8469073692
 18.8534313797
 18.8599481780
 18.8664560612
 18.8729533260
 18.8794382749
 18.8859092430
 18.8923645769
 18.8988026236
 18.9052217373
 18.9116203179
 18.9179967817
 18.9243495450
 18.9306770397
 18.9369777908
 18.9432503575
 18.9494932992
 18.9557051857
 18.9618846514
 18.9680303547
 18.9741409538
 18.9802151143
 18.9862515454
 18.9922489729
 18.9982061223
 19.0041217232
 19.0099945273
 19.0158232950
 19.0216067867
 19.0273437670
 19.0330330268
 19.0386733672
 19.0442635893
 19.0498025001
 19.0552889430
 19.0607217759
 19.0660998566
 19.0714220552
 19.0766873187
 19.0818946249
 19.0870429515
 19.0921312852
 19.0971586715
 19.1021241791
 19.1070268769
 19.1118658495
 19.1166402842
 19.1213494098
 19.1259924552
 19.1305686621
 19.1350773568
 19.1395179002
 19.1438896533
 19.1481919868
 19.1524243360
 19.1565861632
 19.1606769303
 19.1646961129
 19.1686432754
 19.1725180197
 19.1763199478
 19.1800487361
 19.1837045745
 19.1872878688
 19.1907990257
 19.1942384993
 19.1976070728
 19.2009056700
 19.2041352151
 19.2072966390
 19.2103909213
 19.2134190624
 19.2163820627
 19.2192809115
 19.2221165169
 19.2248897520
 19.2276014897
 19.2302525881
 19.2328437983
 19.2353758244
 19.2378493702
 19.2402651437
 19.2426238837
 19.2449263428
 19.2471732735
 19.2493654439
 19.2515037359
 19.2535890827
 19.2556224179
 19.2576046948
 19.2595370156
 19.2614205502
 19.2632564690
 19.2650459551
 19.2667902896
 19.2684907989
 19.2701488094
 19.2717656507
 19.2733426764
 19.2748812511
 19.2763827398
 19.2778484996
 19.2792798290
 19.2806779988
 19.2820442798
 19.2833799439
 19.2846862741
 19.2859645584
 19.2872160848
 19.2884421193
 19.2896437508
 19.2908219834
 19.2919778205
 19.2931122946
 19.2942266754
 19.2953223473
 19.2964006958
 19.2974630801
 19.2985106462
 19.2995444350
 19.3005654869
 19.3015748776
 19.3025739773
 19.3035643025
 19.3045473707
 19.3055246694
 19.3064974335
 19.3074667712
 19.3084337898
 19.3093996270
 19.3103656814
 19.3113334838
 19.3123045659
 19.3132804250
 19.3142622594
 19.3152511145
 19.3162480343
 19.3172540898
 19.3182705874
 19.3192989560
 19.3203406253
 19.3213969916
 19.3224691536
 19.3235580545
 19.3246646360
 19.3257898604
 19.3269348738
 19.3281009197
 19.3292892427
 19.3305010425
 19.3317371130
 19.3329980306
 19.3342843697
 19.3355966528
 19.3369349219
 19.3382989594
 19.3396885452
 19.3411034099
 19.3425428227
 19.3440058007
 19.3454913587
 19.3469985273
 19.3485264903
 19.3500745164
 19.3516418750
 19.3532278325
 19.3548316291
 19.3564524896
 19.3580896392
 19.3597423300
 19.3614100830
 19.3630925703
 19.3647894657
 19.3665004308
 19.3682250063
 19.3699626635
 19.3717128731
 19.3734751024
 19.3752487821
 19.3770333224
 19.3788281332
 19.3806326100
 19.3824460024
 19.3842674753
 19.3860961923
 19.3879313106
 19.3897719205
 19.3916170730
 19.3934658187
 19.3953172050
 19.3971702497
 19.3990239525
 19.4008773132
 19.4027293340
 19.4045790458
 19.4064254966
 19.4082677345
 19.4101048084
 19.4119357722
 19.4137596833
 19.4155755991
 19.4173825753
 19.4191796496
 19.4209658489
 19.4227401997
 19.4245017282
 19.4262494546
 19.4279823956
 19.4296995677
 19.4313999747
 19.4330824762
 19.4347458415
 19.4363888384
 19.4380102440
 19.4396089387
 19.4411838685
 19.4427339806
 19.4442582082
 19.4457553271
 19.4472240124
 19.4486629374
 19.4500707872
 19.4514463859
 19.4527886473
 19.4540964868
 19.4553688065
 19.4566043529
 19.4578017705
 19.4589597022
 19.4600768017
 19.4611518529
 19.4621837259
 19.4631712922
 19.4641134108
 19.4650087860
 19.4658560191
 19.4666537093
 19.4674004692
 19.4680950738
 19.4687364077
 19.4693233577
 19.4698548026
 19.4703295258
 19.4707462450
 19.4711036770
 19.4714005806
 19.4716362543
 19.4718103677
 19.4719225981
 19.4719726112
 19.4719599307
 19.4718839806
 19.4717441833
 19.4715399807
 19.4712710719
 19.4709373374
 19.4705386612
 19.4700749032
 19.4695456022
 19.4689500687
 19.4682876085
 19.4675575408
 19.4667593660
 19.4658927143
 19.4649572191
 19.4639524950
 19.4628779014
 19.4617326132
 19.4605158009
 19.4592266526
 19.4578646004
 19.4564292551
 19.4549202314
 19.4533371333
 19.4516794111
 19.4499464009
 19.4481374363
 19.4462518638
 19.4442892144
 19.4422491568
 19.4401313634
 19.4379354996
 19.4356611337
 19.4333077600
 19.4308748712
 19.4283619687
 19.4257686816
 19.4230947363
 19.4203398621
 19.4175037826
 19.4145861444
 19.4115865343
 19.4085045373
 19.4053397471
 19.4020918851
 19.3987607721
 19.3953462317
 19.3918480842
 19.3882660963
 19.3845999931
 19.3808494985
 19.3770143432
 19.3730943657
 19.3690894904
 19.3649996440
 19.3608247506
 19.3565646907
 19.3522193101
 19.3477884534
 19.3432719678
 19.3386697392
 19.3339816853
 19.3292077245
 19.3243477757
 19.3194017635
 19.3143696172
 19.3092512661
 19.3040466418
 19.2987557096
 19.2933784634
 19.2879148979
 19.2823650092
 19.2767288243
 19.2710063952
 19.2651977746
 19.2593030191
 19.2533222455
 19.2472556219
 19.2411033178
 19.2348655024
 19.2285423347
 19.2221339651
 19.2156405435
 19.2090622461
 19.2023997155
 19.1956539972
 19.1888261501
 19.1819172613
 19.1749289393
 19.1678632473
 19.1607222635
 19.1535080704
 19.1462228315
 19.1388687807
 19.1314481548
 19.1239631858
 19.1164160194
 19.1088087244
 19.1011433670
 19.0934220017
 19.0856464626
 19.0778183851
 19.0699393976
 19.0620111256
 19.0540351367
 19.0460129463
 19.0379460677
 19.0298360137
 19.0216842887
 19.0134923888
 19.0052618100
 18.9969940549
 18.9886907588
 18.9803536803
 18.9719845824
 18.9635852310
 18.9551574431
 18.9467030842
 18.9382240215
 18.9297221252
 18.9211993267
 18.9126576152
 18.9040989824
 18.8955254156
 18.8869388148
 18.8783409961
 18.8697337723
 18.8611189561
 18.8524983601
 18.8438737966
 18.8352470777
 18.8266200116
 18.8179943161
 18.8093716206
 18.8007535510
 18.7921417353
 18.7835378510
 18.7749436246
 18.7663607842
 18.7577910567
 18.7492361294
 18.7406976506
 18.7321772669
 18.7236766279
 18.7151974508
 18.7067415213
 18.6983106280
 18.6899065569
 18.6815310312
 18.6731857103
 18.6648722506
 18.6565923103
 18.6483475849
 18.6401398082
 18.6319707162
 18.6238420411
 18.6157554346
 18.6077124645
 18.5997146945
 18.5917636896
 18.5838610432
 18.5760083788
 18.5682073212
 18.5604594928
 18.5527664574
 18.5451297163
 18.5375507680
 18.5300311125
 18.5225722925
 18.5151758961
 18.5078435138
 18.5005767320
 18.4933770307
 18.4862457747
 18.4791843232
 18.4721940026
 18.4652752569
 18.4584275662
 18.4516503616
 18.4449430497
 18.4383043580
 18.4317322646
 18.4252247093
 18.4187796305
 18.4123949403
 18.4060685213
 18.3997982544
 18.3935820271
 18.3874179165
 18.3813042127
 18.3752392173
 18.3692212416
 18.3632488735
 18.3573210163
 18.3514365906
 18.3455945195
 18.3397938100
 18.3340335657
 18.3283128953
 18.3226309052
 18.3169866201
 18.3113789709
 18.3058068830
 18.3002692767
 18.2947649096
 18.2892923486
 18.2838501499
 18.2784368662
 18.2730509404
 18.2676906852
 18.2623544059
 18.2570404073
 18.2517469814
 18.2464724045
 18.2412149517
 18.2359729003
 18.2307445835
 18.2255284028
 18.2203227639
 18.2151260744
 18.2099368134
 18.2047535473
 18.1995748480
 18.1943992864
 18.1892254119
 18.1840517464
 18.1788768104
 18.1736991247
 18.1685172262
 18.1633296715
 18.1581350188
 18.1529318232
 18.1477185357
 18.1424934764
 18.1372549567
 18.1320012888
 18.1267308038
 18.1214418570
 18.1161328054
 18.1108020045
 18.1054477564
 18.1000682950
 18.0946618494
 18.0892266504
 18.0837609898
 18.0782632387
 18.0727317732
 18.0671649687
 18.0615611590
 18.0559186236
 18.0502356381
 18.0445104795
 18.0387414712
 18.0329269987
 18.0270654519
 18.0211552183
 18.0151946010
 18.0091817894
 18.0031149653
 17.9969923110
 17.9908120450
 17.9845724347
 17.9782717511
 17.9719082647
 17.9654802399
 17.9589859318
 17.9524235948
 17.9457914954
 17.9390884316
 17.9323139368
 17.9254675982
 17.9185490081
 17.9115579863
 17.9044946708
 17.8973592235
 17.8901518075
 17.8828726558
 17.8755220998
 17.8681004785
 17.8606081280
 17.8530452465
 17.8454118359
 17.8377078829
 17.8299333726
 17.8220882103
 17.8141721863
 17.8061850821
 17.7981266784
 17.7899967166
 17.7817948816
 17.7735208538
 17.7651743146
 17.7567550022
 17.7482627389
 17.7396973533
 17.7310586758
 17.7223466167
 17.7135612056
 17.7047024817
 17.6957704849
 17.6867652954
 17.6776870534
 17.6685359044
 17.6593119938
 17.6500154799
 17.6406465399
 17.6312053526
 17.6216920963
 17.6121069088
 17.6024498659
 17.5927210383
 17.5829204967
 17.5730483114
 17.5631045523
 17.5530892893
 17.5430025921
 17.5328445183
 17.5226151063
 17.5123143928
 17.5019424156
 17.4914992638
 17.4809851081
 17.4704001265
 17.4597444973
 17.4490184221
 17.4382221400
 17.4273558933
 17.4164199249
 17.4054145126
 17.3943399906
 17.3831966983
 17.3719849752
 17.3607051665
 17.3493576269
 17.3379427118
 17.3264607770
 17.3149121891
 17.3032973333
 17.2916165960
 17.2798703643
 17.2680590347
 17.2561830205
 17.2442427363
 17.2322385972
 17.2201710412
 17.2080405448
 17.1958475882
 17.1835926521
 17.1712762533
 17.1588989696
 17.1464613852
 17.1339640837
 17.1214076282
 17.1087925466
 17.0961193630
 17.0833886043
 17.0706010097
 17.0577576877
 17.0448597842
 17.0319084492
 17.0189052158
 17.0058522905
 16.9927519482
 16.9796064659
 16.9664183105
 16.9531902866
 16.9399252334
 16.9266259890
 16.9132952805
 16.8999356358
 16.8865495617
 16.8731395646
 16.8597080621
 16.8462573121
 16.8327895554
 16.8193070312
 16.8058118254
 16.7923057418
 16.7787905546
 16.7652680380
 16.7517400219
 16.7382084387
 16.7246752319
 16.7111423450
 16.6976117035
 16.6840852000
 16.6705647232
 16.6570521634
 16.6435495783
 16.6300593429
 16.6165838672
 16.6031255607
 16.5896867409
 16.5762695492
 16.5628761069
 16.5495085363
 16.5361690593
 16.5228600905
 16.5095840666
 16.4963434228
 16.4831404359
 16.4699770720
 16.4568552613
 16.4437769346
 16.4307441077
 16.4177589644
 16.4048237082
 16.3919405418
 16.3791115439
 16.3663385452
 16.3536233468
 16.3409677508
 16.3283736778
 16.3158432873
 16.3033787679
 16.2909823074
 16.2786559918
 16.2664016990
 16.2542212814
 16.2421165920
 16.2300895711
 16.2181423392
 16.2062770389
 16.1944958126
 16.1828007114
 16.1711935973
 16.1596763081
 16.1482506822
 16.1369185899
 16.1256819691
 16.1145427666
 16.1035029285
 16.0925643278
 16.0817286807
 16.0709976837
 16.0603730332
 16.0498564571
 16.0394497512
 16.0291547202
 16.0189731683
 16.0089068314
 15.9989572965
 15.9891261307
 15.9794149017
 15.9698252656
 15.9603590728
 15.9510181997
 15.9418045199
 15.9327192999
 15.9237624523
 15.9149337073
 15.9062327915
 15.8976587387
 15.8892090198
 15.8808808923
 15.8726716128
 15.8645782577
 15.8565974929
 15.8487259277
 15.8409601714
 15.8332969744
 15.8257334105
 15.8182665990
 15.8108936601
 15.8036119460
 15.7964193494
 15.7893138397
 15.7822933868
 15.7753560787
 15.7685002813
 15.7617244007
 15.7550268427
 15.7484059721
 15.7418600556
 15.7353873458
 15.7289860947
 15.7226544210
 15.7163901221
 15.7101909477
 15.7040546475
 15.6979788628
 15.6919609709
 15.6859983099
 15.6800882179
 15.6742280048
 15.6684149116
 15.6626461688
 15.6569190072
 15.6512307088
 15.6455786839
 15.6399603619
 15.6343731729
 15.6288146047
 15.6232822915
 15.6177738900
 15.6122870571
 15.6068194855
 15.6013689594
 15.5959332771
 15.5905102371
 15.5850976134
 15.5796931178
 15.5742944522
 15.5688993184
 15.5635053872
 15.5581102492
 15.5527114819
 15.5473066629
 15.5418933262
 15.5364688913
 15.5310307590
 15.5255763302
 15.5201030095
 15.5146082111
 15.5090893512
 15.5035438456
 15.4979691046
 15.4923625225
 15.4867214912
 15.4810434025
 15.4753256835
 15.4695658567
 15.4637614607
 15.4579100344
 15.4520090891
 15.4460560616
 15.4400483757
 15.4339834555
 15.4278587541
 15.4216718065
 15.4154201614
 15.4091013677
 15.4027129229
 15.3962521789
 15.3897164625
 15.3831031006
 15.3764094797
 15.3696331560
 15.3627717160
 15.3558227468
 15.3487845638
 15.3416575812
 15.3344425891
 15.3271403782
 15.3197523634
 15.3122817801
 15.3047321934
 15.2971071686
 15.2894103013
 15.2816452780
 15.2738158013
 15.2659255739
 15.2579781748
 15.2499768131
 15.2419246294
 15.2338247645
 15.2256801068
 15.2174927857
 15.2092647876
 15.2009980990
 15.1926946726
 15.1843563578
 15.1759849847
 15.1675823832
 15.1591504214
 15.1506910853
 15.1422063838
 15.1336983257
 15.1251690856
 15.1166213555
 15.1080579283
 15.0994815968
 15.0908952060
 15.0823017650
 15.0737043155
 15.0651058993
 15.0565095939
 15.0479185928
 15.0393361120
 15.0307653678
 15.0222094955
 15.0136713698
 15.0051538122
 14.9966596447
 14.9881916664
 14.9797526025
 14.9713451631
 14.9629720583
 14.9546359873
 14.9463396132
 14.9380855916
 14.9298765781
 14.9217152719
 14.9136045172
 14.9055471890
 14.8975461621
 14.8896043612
 14.8817248803
 14.8739108490
 14.8661653971
 14.8584916906
 14.8508930210
 14.8433727065
 14.8359340652
 14.8285804241
 14.8213151414
 14.8141415819
 14.8070631103
 14.8000830860
 14.7932048489
 14.7864317346
 14.7797670789
 14.7732142193
 14.7667765001
 14.7604572667
 14.7542598651
 14.7481876532
 14.7422440348
 14.7364324235
 14.7307562330
 14.7252188981
 14.7198239306
 14.7145748600
 14.7094752155
 14.7045285595
 14.6997385761
 14.6951089776
 14.6906434760
 14.6863457005
 14.6822189721
 14.6782665401
 14.6744916539
 14.6708966708
 14.6674805928
 14.6642416335
 14.6611780062
 14.6582873803
 14.6555653542
 14.6530070338
 14.6506075251
 14.6483619007
 14.6462651044
 14.6443120489
 14.6424976472
 14.6408170202
 14.6392660989
 14.6378410120
 14.6365378879
 14.6353530978
 14.6342839694
 14.6333280661
 14.6324829511
 14.6317462262
 14.6311156460
 14.6305890034
 14.6301640911
 14.6298386549
 14.6296102501
 14.6294763844
 14.6294345653
 14.6294821309
 14.6296157274
 14.6298318247
 14.6301268924
 14.6304973643
 14.6309395250
 14.6314496205
 14.6320238971
 14.6326585690
 14.6333497168
 14.6340933865
 14.6348856237
 14.6357225710
 14.6366007799
 14.6375169098
 14.6384676202
 14.6394495723
 14.6404594348
 14.6414938781
 14.6425495729
 14.6436232205
 14.6447116557
 14.6458117490
 14.6469203713
 14.6480343150
 14.6491500298
 14.6502638716
 14.6513721962
 14.6524713300
 14.6535574688
 14.6546267719
 14.6556753989
 14.6566994614
 14.6576948563
 14.6586574205
 14.6595829908
 14.6604674093
 14.6613065424
 14.6620962633
 14.6628324454
 14.6635109512
 14.6641275944
 14.6646781749
 14.6651584922
 14.6655643445
 14.6658915219
 14.6661358126
 14.6662930045
 14.6663588486
 14.6663289208
 14.6661987458
 14.6659638486
 14.6656197380
 14.6651618478
 14.6645855898
 14.6638863756
 14.6630595333
 14.6620999899
 14.6610025517
 14.6597620250
 14.6583734997
 14.6568334471
 14.6551387585
 14.6532863252
 14.6512738957
 14.6491034431
 14.6467782395
 14.6443015576
 14.6416770037
 14.6389098473
 14.6360058756
 14.6329708761
 14.6298105849
 14.6265304799
 14.6231359576
 14.6196324147
 14.6160250084
 14.6123176756
 14.6085139640
 14.6046174214
 14.6006314131
 14.5965583615
 14.5924003854
 14.5881596036
 14.5838381076
 14.5794378484
 14.5749607307
 14.5704086596
 14.5657836278
 14.5610880934
 14.5563246680
 14.5514959633
 14.5466047089
 14.5416542676
 14.5366482127
 14.5315901181
 14.5264835840
 14.5213323546
 14.5161402227
 14.5109109810
 14.5056484093
 14.5003562159
 14.4950380850
 14.4896977005
 14.4843386739
 14.4789642140
 14.4735773909
 14.4681812746
 14.4627789221
 14.4573733196
 14.4519674284
 14.4465642096
 14.4411666251
 14.4357776405
 14.4304002227
 14.4250373385
 14.4196920176
 14.4143676512
 14.4090677599
 14.4037958640
 14.3985555093
 14.3933503887
 14.3881842479
 14.3830608329
 14.3779839351
 14.3729576138
 14.3679860261
 14.3630733291
 14.3582236616
 14.3534410512
 14.3487294844
 14.3440929477
 14.3395354555
 14.3350611909
 14.3306743998
 14.3263793282
 14.3221802240
 14.3180813465
 14.3140869590
 14.3102013250
 14.3064287623
 14.3027739259
 14.2992415994
 14.2958365669
 14.2925636269
 14.2894276712
 14.2864336273
 14.2835864227
 14.2808910688
 14.2783531086
 14.2759782926
 14.2737723717
 14.2717406707
 14.2698857771
 14.2682091973
 14.2667124352
 14.2653963795
 14.2642579231
 14.2632923630
 14.2624949914
 14.2618609422
 14.2613843034
 14.2610587407
 14.2608779189
 14.2608355896
 14.2609260856
 14.2611439765
 14.2614838330
 14.2619404259
 14.2625098765
 14.2631888636
 14.2639740681
 14.2648622704
 14.2658509316
 14.2669377971
 14.2681206131
 14.2693971307
 14.2707651340
 14.2722224209
 14.2737667896
 14.2753959422
 14.2771069107
 14.2788964409
 14.2807612775
 14.2826981111
 14.2847032492
 14.2867728338
 14.2889030063
 14.2910898879
 14.2933294545
 14.2956176186
 14.2979502924
 14.3003234331
 14.3027333236
 14.3051763904
 14.3076490609
 14.3101478053
 14.3126694103
 14.3152108034
 14.3177689128
 14.3203406820
 14.3229231662
 14.3255134713
 14.3281087035
 14.3307059442
 14.3333020879
 14.3358939441
 14.3384783217
 14.3410519913
 14.3436114297
 14.3461529782
 14.3486729775
 14.3511677358
 14.3536333094
 14.3560656375
 14.3584606588
 14.3608142991
 14.3631223848
 14.3653806958
 14.3675850114
 14.3697311113
 14.3718147763
 14.3738317881
 14.3757779281
 14.3776489653
 14.3794405657
 14.3811483462
 14.3827679232
 14.3842949020
 14.3857247966
 14.3870530766
 14.3882752115
 14.3893866320
 14.3903824530
 14.3912576331
 14.3920071303
 14.3926258807
 14.3931086400
 14.3934500745
 14.3936448495
 14.3936876049
 14.3935727640
 14.3932946412
 14.3928475500
 14.3922261879
 14.3914285415
 14.3904542698
 14.3893030446
 14.3879748456
 14.3864723231
 14.3847994996
 14.3829604088
 14.3809591347
 14.3788002023
 14.3764883657
 14.3740283808
 14.3714249217
 14.3686819303
 14.3658029644
 14.3627915784
 14.3596512060
 14.3563841940
 14.3529923116
 14.3494773232
 14.3458409533
 14.3420845643
 14.3382093242
 14.3342163992
 14.3301069637
 14.3258822673
 14.3215436010
 14.3170922556
 14.3125295855
 14.3078575380
 14.3030783857
 14.2981944044
 14.2932078847
 14.2881212582
 14.2829370344
 14.2776577237
 14.2722858453
 14.2668240025
 14.2612748455
 14.2556410252
 14.2499251469
 14.2441293697
 14.2382556003
 14.2323057426
 14.2262816924
 14.2201852637
 14.2140182238
 14.2077823395
 14.2014793655
 14.1951109342
 14.1886786074
 14.1821839459
 14.1756285417
 14.1690143029
 14.1623433220
 14.1556176940
 14.1488395310
 14.1420111210
 14.1351348562
 14.1282131300
 14.1212483632
 14.1142432625
 14.1072007055
 14.1001235716
 14.0930147396
 14.0858770775
 14.0787134465
 14.0715267081
 14.0643197359
 14.0570955361
 14.0498571957
 14.0426078029
 14.0353504485
 14.0280882541
 14.0208243598
 14.0135619062
 14.0063040586
 13.9990542579
 13.9918161163
 13.9845932488
 13.9773892919
 13.9702081268
 13.9630537882
 13.9559303136
 13.9488417644
 13.9417924782
 13.9347869683
 13.9278297503
 13.9209253387
 13.9140782295
 13.9072929069
 13.9005738552
 13.8939253682
 13.8873495132
 13.8808469135
 13.8744181678
 13.8680637475
 13.8617826101
 13.8555727209
 13.8494320281
 13.8433584619
 13.8373497359
 13.8314034201
 13.8255170823
 13.8196883335
 13.8139153180
 13.8081965365
 13.8025304961
 13.7969157533
 13.7913514709
 13.7858372225
 13.7803725892
 13.7749571736
 13.7695908491
 13.7642736738
 13.7590057098
 13.7537870096
 13.7486175105
 13.7434970698
 13.7384255432
 13.7334027682
 13.7284283430
 13.7235016993
 13.7186222654
 13.7137894617
 13.7090026053
 13.7042609405
 13.6995637101
 13.6949101641
 13.6902996482
 13.6857315762
 13.6812053635
 13.6767204409
 13.6722764504
 13.6678731855
 13.6635104433
 13.6591880284
 13.6549058511
 13.6506638984
 13.6464621592
 13.6423006215
 13.6381792627
 13.6340980524
 13.6300569601
 13.6260559408
 13.6220947439
 13.6181729666
 13.6142902022
 13.6104460343
 13.6066399045
 13.6028711478
 13.5991390967
 13.5954430721
 13.5917822225
 13.5881555663
 13.5845621188
 13.5810008942
 13.5774708931
 13.5739711060
 13.5705005228
 13.5670581267
 13.5636427974
 13.5602533343
 13.5568885350
 13.5535471923
 13.5502280290
 13.5469297133
 13.5436509118
 13.5403902760
 13.5371462200
 13.5339169705
 13.5307007492
 13.5274957671
 13.5243000653
 13.5211115495
 13.5179281218
 13.5147476677
 13.5115678130
 13.5083859738
 13.5051995602
 13.5020059933
 13.4988028740
 13.4955879495
 13.4923589711
 13.4891137413
 13.4858509052
 13.4825698015
 13.4792697895
 13.4759502536
 13.4726110047
 13.4692522076
 13.4658740381
 13.4624766724
 13.4590602964
 13.4556251040
 13.4521712896
 13.4486990354
 13.4452083137
 13.4416989192
 13.4381706408
 13.4346232556
 13.4310563297
 13.4274692489
 13.4238613930
 13.4202321359
 13.4165807459
 13.4129063999
 13.4092082717
 13.4054855354
 13.4017373717
 13.3979629669
 13.3941615072
 13.3903321795
 13.3864741780
 13.3825867032
 13.3786689561
 13.3747201357
 13.3707394066
 13.3667259025
 13.3626787561
 13.3585970955
 13.3544799558
 13.3503262886
 13.3461350425
 13.3419051619
 13.3376355065
 13.3333248592
 13.3289720001
 13.3245757074
 13.3201347221
 13.3156477508
 13.3111134990
 13.3065306741
 13.3018980238
 13.2972143332
 13.2924783887
 13.2876889801
 13.2828449631
 13.2779452554
 13.2729887773
 13.2679744519
 13.2629012688
 13.2577682800
 13.2525745401
 13.2473191070
 13.2420011051
 13.2366197231
 13.2311741524
 13.2256635849
 13.2200872310
 13.2144443189
 13.2087340775
 13.2029557403
 13.1971086506
 13.1911922582
 13.1852060175
 13.1791493870
 13.1730219151
 13.1668232392
 13.1605530006
 13.1542108493
 13.1477966349
 13.1413104061
 13.1347522207
 13.1281221416
 13.1214203615
 13.1146472033
 13.1078029960
 13.1008880755
 13.0939029469
 13.0868482877
 13.0797247829
 13.0725331181
 13.0652739834
 13.0579480740
 13.0505560854
 13.0430987161
 13.0355767381
 13.0279909999
 13.0203423539
 13.0126316468
 13.0048595934
 12.9970267692
 12.9891337432
 12.9811810863
 12.9731694183
 12.9650994111
 12.9569717389
 12.9487870718
 12.9405459659
 12.9322488550
 12.9238961670
 12.9154883347
 12.9070259139
 12.8985095947
 12.8899400735
 12.8813180459
 12.8726441747
 12.8639190871
 12.8551434086
 12.8463177716
 12.8374430034
 12.8285201464
 12.8195502545
 12.8105343814
 12.8014735797
 12.7923689013
 12.7832213976
 12.7740321266
 12.7648023268
 12.7555334408
 12.7462269219
 12.7368842233
 12.7275067856
 12.7180960353
 12.7086533983
 12.6991803033
 12.6896782724
 12.6801489349
 12.6705939260
 12.6610148792
 12.6514133766
 12.6417909401
 12.6321490885
 12.6224893420
 12.6128132722
 12.6031225107
 12.5934186929
 12.5837034519
 12.5739783516
 12.5642448743
 12.5545044972
 12.5447586991
 12.5350090057
 12.5252569991
 12.5155042648
 12.5057523862
 12.4960028779
 12.4862571710
 12.4765166915
 12.4667828662
 12.4570571396
 12.4473409785
 12.4376358507
 12.4279432222
 12.4182644911
 12.4086009707
 12.3989539694
 12.3893247936
 12.3797146896
 12.3701248280
 12.3605563747
 12.3510104933
 12.3414882591
 12.3319906364
 12.3225185821
 12.3130730511
 12.3036549120
 12.2942649235
 12.2849038372
 12.2755724032
 12.2662713051
 12.2570011416
 12.2477625059
 12.2385559830
 12.2293818484
 12.2202399745
 12.2111302063
 12.2020523828
 12.1930060973
 12.1839906194
 12.1750051966
 12.1660490753
 12.1571214531
 12.1482214620
 12.1393482299
 12.1305008872
 12.1216786759
 12.1128809877
 12.1041072253
 12.0953567915
 12.0866291161
 12.0779236651
 12.0692399070
 12.0605773116
 12.0519354118
 12.0433138265
 12.0347121809
 12.0261300972
 12.0175670647
 12.0090223878
 12.0004953575
 11.9919852634
 11.9834913391
 11.9750127393
 11.9665486128
 11.9580981050
 11.9496601966
 11.9412336355
 11.9328171517
 11.9244094755
 11.9160093381
 11.9076154723
 11.8992266113
 11.8908414858
 11.8824587150
 11.8740767568
 11.8656940567
 11.8573090619
 11.8489203176
 11.8405265120
 11.8321263444
 11.8237185115
 11.8153015608
 11.8068738197
 11.7984335980
 11.7899792074
 11.7815090675
 11.7730217581
 11.7645158722
 11.7559899999
 11.7474425569
 11.7388716974
 11.7302755536
 11.7216522601
 11.7130000762
 11.7043174512
 11.6956028502
 11.6868547357
 11.6780714141
 11.6692509514
 11.6603913931
 11.6514907876
 11.6425473489
 11.6335595487
 11.6245258810
 11.6154448376
 11.6063147825
 11.5971338788
 11.5879002722
 11.5786121109
 11.5692677226
 11.5598657190
 11.5504047369
 11.5408834123
 11.5313003066
 11.5216538623
 11.5119425110
 11.5021646864
 11.4923189583
 11.4824041176
 11.4724189751
 11.4623623412
 11.4522329847
 11.4420296068
 11.4317509024
 11.4213955791
 11.4109632678
 11.4004551267
 11.3898724578
 11.3792165689
 11.3684892249
 11.3576929547
 11.3468303597
 11.3359040433
 11.3249167476
 11.3138714488
 11.3027711456
 11.2916188328
 11.2804171736
 11.2691682654
 11.2578741501
 11.2465368678
 11.2351582948
 11.2237400248
 11.2122836236
 11.2007906557
 11.1892625784
 11.1777006625
 11.1661061596
 11.1544803230
 11.1428245291
 11.1311403715
 11.1194294661
 11.1076934303
 11.0959340521
 11.0841534227
 11.0723536644
 11.0605369014
 11.0487053960
 11.0368616600
 11.0250082314
 11.0131476484
 11.0012824825
 10.9894153660
 10.9775489375
 10.9656858353
 10.9538286775
 10.9419800451
 10.9301425148
 10.9183186634
 10.9065110443
 10.8947221684
 10.8829545418
 10.8712106705
 10.8594930535
 10.8478041768
 10.8361465249
 10.8245225834
 10.8129349476
 10.8013864213
 10.7898798317
 10.7784180059
 10.7670037566
 10.7556398690
 10.7443291252
 10.7330743082
 10.7218783214
 10.7107443014
 10.6996754118
 10.6886748156
 10.6777456176
 10.6668908082
 10.6561133646
 10.6454162644
 10.6348025610
 10.6242754582
 10.6138381771
 10.6034939384
 10.5932458983
 10.5830970828
 10.5730505024
 10.5631091683
 10.5532761716
 10.5435547652
 10.5339482218
 10.5244598133
 10.5150927352
 10.5058500256
 10.4967347034
 10.4877497884
 10.4788984349
 10.4701840760
 10.4616101795
 10.4531802108
 10.4448972873
 10.4367637973
 10.4287820376
 10.4209542993
 10.4132819027
 10.4057641142
 10.3983999389
 10.3911883788
 10.3841279039
 10.3772158463
 10.3704493911
 10.3638257244
 10.3573421401
 10.3509961657
 10.3447853591
 10.3387072796
 10.3327597486
 10.3269411604
 10.3212499849
 10.3156846937
 10.3102440431
 10.3049274191
 10.2997342921
 10.2946641327
 10.2897164261
 10.2848906904
 10.2801864483
 10.2756032219
 10.2711404192
 10.2667971900
 10.2625726489
 10.2584659096
 10.2544759126
 10.2506012026
 10.2468402692
 10.2431916019
 10.2396536072
 10.2362245014
 10.2329024737
 10.2296857133
 10.2265724281
 10.2235608686
 10.2206492916
 10.2178359538
 10.2151191675
 10.2124973751
 10.2099690378
 10.2075326170
 10.2051866123
 10.2029296149
 10.2007602293
 10.1986770599
 10.1966786744
 10.1947635519
 10.1929301584
 10.1911769598
 10.1895023628
 10.1879046298
 10.1863820019
 10.1849327198
 10.1835549484
 10.1822466663
 10.1810058234
 10.1798303699
 10.1787182201
 10.1776672001
 10.1766751220
 10.1757397982
 10.1748590255
 10.1740305619
 10.1732521594
 10.1725215699
 10.1718365384
 10.1711947917
 10.1705940538
 10.1700320489
 10.1695064821
 10.1690150096
 10.1685552801
 10.1681249421
 10.1677216105
 10.1673428135
 10.1669860648
 10.1666488783
 10.1663287545
 10.1660231585
 10.1657295495
 10.1654453869
 10.1651680655
 10.1648948086
 10.1646228114
 10.1643492693
 10.1640717382
 10.1637887461
 10.1634989836
 10.1632011424
 10.1628945382
 10.1625801917
 10.1622594120
 10.1619335083
 10.1616039894
 10.1612729154
 10.1609424405
 10.1606147190
 10.1602918039
 10.1599754664
 10.1596674286
 10.1593694125
 10.1590829418
 10.1588089805
 10.1585483948
 10.1583020503
 10.1580706698
 10.1578545668
 10.1576539826
 10.1574691581
 10.1573003398
 10.1571477887
 10.1570117688
 10.1568925440
 10.1567904542
 10.1567060610
 10.1566399666
 10.1565927729
 10.1565651759
 10.1565581484
 10.1565727144
 10.1566098979
 10.1566707331
 10.1567562857
 10.1568676272
 10.1570058290
 10.1571719542
 10.1573670419
 10.1575921260
 10.1578482409
 10.1581363634
 10.1584572964
 10.1588118091
 10.1592006709
 10.1596246668
 10.1600846311
 10.1605814071
 10.1611158384
 10.1616887733
 10.1623010755
 10.1629536117
 10.1636472486
 10.1643829283
 10.1651618325
 10.1659851897
 10.1668542289
 10.1677701881
 10.1687343360
 10.1697479472
 10.1708122962
 10.1719287123
 10.1730987018
 10.1743238068
 10.1756055694
 10.1769455115
 10.1783450888
 10.1798057435
 10.1813289177
 10.1829160981
 10.1845689198
 10.1862890486
 10.1880781500
 10.1899378925
 10.1918699529
 10.1938760101
 10.1959577427
 10.1981168918
 10.2003554093
 10.2026752924
 10.2050785377
 10.2075671412
 10.2101430950
 10.2128083905
 10.2155650191
 10.2184150107
 10.2213605286
 10.2244037652
 10.2275469129
 10.2307921794
 10.2341418267
 10.2375981283
 10.2411633581
 10.2448398602
 10.2486302306
 10.2525371208
 10.2565631823
 10.2607110325
 10.2649831645
 10.2693820439
 10.2739101361
 10.2785699019
 10.2833637850
 10.2882942254
 10.2933636629
 10.2985745162
 10.3039291251
 10.3094298119
 10.3150788982
 10.3208787152
 10.3268316274
 10.3329400072
 10.3392062268
 10.3456326693
 10.3522217579
 10.3589759250
 10.3658976034
 10.3729892475
 10.3802533954
 10.3876926051
 10.3953094347
 10.4031064453
 10.4110862098
 10.4192513039
 10.4276043032
 10.4361477777
 10.4448842740
 10.4538163334
 10.4629464968
 10.4722773055
 10.4818113006
 10.4915510232
 10.5014990143
