0.0000000000
1.3022607263
2.6045120680
3.9067446406
5.2089490599
6.5111159417
7.8132359020
9.1152995574
10.4172975247
11.7192204212
13.0210588649
14.3228034742
15.6244448682
16.9259736670
18.2273804912
19.5286559624
20.8297907032
22.1307753371
23.4316004888
24.7322567840
26.0327348498
27.3330253144
28.6331188076
29.9330059603
31.2326774052
32.5321237762
33.8313357093
35.1303038417
36.4290188126
37.7274712631
39.0256518360
40.3235511762
41.6211599306
42.9184687481
44.2154682799
45.5121491792
46.8085021019
48.1045177058
49.4001866515
50.6954996019
51.9904472225
53.2850201815
54.5792091497
55.8730048007
57.1663978109
58.4593788598
59.7519386296
61.0440678057
62.3357570766
63.6269971339
64.9177786723
66.2080923903
67.4979289891
68.7872791739
70.0761336531
71.3644831388
72.6523183467
73.9396299961
75.2264088103
76.5126455162
77.7983308449
79.0834555311
80.3680103138
81.6519859360
82.9353731451
84.2181626923
85.5003453336
86.7819118290
88.0628529430
89.3431594449
90.6228221082
91.9018317112
93.1801790370
94.4578548733
95.7348500127
97.0111552527
98.2867613959
99.5616592498
100.8358396269
102.1092933452
103.3820112276
104.6539841025
105.9252028035
107.1956581700
108.4653410464
109.7342422830
111.0023527356
112.2696632659
113.5361647411
114.8018480343
116.0667040245
117.3307235969
118.5938976424
119.8562170581
121.1176727473
122.3782556195
123.6379565904
124.8967665824
126.1546765238
127.4116773498
128.6677600020
129.9229154286
131.1771345845
132.4304084313
133.6827279375
134.9340840785
136.1844678365
137.4338702008
138.6822821678
139.9296947410
141.1760989311
142.4214857560
143.6658462411
144.9091714191
146.1514523300
147.3926800217
148.6328455493
149.8719399758
151.1099543718
152.3468798158
153.5827073941
154.8174282007
156.0510333380
157.2835139160
158.5148610532
159.7450658759
160.9741195189
162.2020131251
163.4287378461
164.6542848414
165.8786452795
167.1018103370
168.3237711996
169.5445190612
170.7640451248
171.9823406019
173.1993967132
174.4152046881
175.6297557651
176.8430411915
178.0550522242
179.2657801289
180.4752161807
181.6833516639
182.8901778723
184.0956861091
185.2998676869
186.5027139281
187.7042161644
188.9043657374
190.1031539984
191.3005723085
192.4966120387
193.6912645699
194.8845212930
196.0763736090
197.2668129289
198.4558306741
199.6434182761
200.8295671766
202.0142688278
203.1975146925
204.3792962436
205.5596049649
206.7384323506
207.9157699057
209.0916091459
210.2659415976
211.4387587982
212.6100522960
213.7798136501
214.9480344310
216.1147062199
217.2798206094
218.4433692034
219.6053436167
220.7657354759
221.9245364188
223.0817380946
224.2373321641
225.3913102996
226.5436641853
227.6943855168
228.8434660017
229.9908973592
231.1366713206
232.2807796289
233.4232140394
234.5639663193
235.7030282478
236.8403916166
237.9760482293
239.1099899020
240.2422084632
241.3726957536
242.5014436266
243.6284439481
244.7536885963
245.8771694625
246.9988784504
248.1188074766
249.2369484705
250.3532933744
251.4678341434
252.5805627459
253.6914711631
254.8005513893
255.9077954323
257.0131953127
258.1167430646
259.2184307356
260.3182503864
261.4161940914
262.5122539385
263.6064220289
264.6986904777
265.7890514137
266.8774969793
267.9640193308
269.0486106384
270.1312630861
271.2119688718
272.2907202078
273.3675093200
274.4423284488
275.5151698486
276.5860257882
277.6548885506
278.7217504332
279.7866037478
280.8494408207
281.9102539927
282.9690356192
284.0257780703
285.0804737307
286.1331149998
287.1836942920
288.2322040365
289.2786366773
290.3229846734
291.3652404989
292.4053966429
293.4434456097
294.4793799187
295.5131921046
296.5448747175
297.5744203226
298.6018215007
299.6270708479
300.6501609760
301.6710845121
302.6898340992
303.7064023957
304.7207820760
305.7329658301
306.7429463637
307.7507163986
308.7562686725
309.7595959390
310.7606909677
311.7595465445
312.7561554711
313.7505105658
314.7426046627
315.7324306126
316.7199812824
317.7052495554
318.6882283315
319.6689105269
320.6472890746
321.6233569239
322.5971070410
323.5685324087
324.5376260266
325.5043809109
326.4687900951
327.4308466290
328.3905435800
329.3478740319
330.3028310861
331.2554078606
332.2055974909
333.1533931297
334.0987879467
335.0417751290
335.9823478813
336.9204994253
337.8562230005
338.7895118637
339.7203592892
340.6487585691
341.5747030129
342.4981859481
343.4192007196
344.3377406902
345.2537992408
346.1673697697
347.0784456936
347.9870204468
348.8930874818
349.7966402693
350.6976722979
351.5961770744
352.4921481239
353.3855789897
354.2764632334
355.1647944350
356.0505661928
356.9337721238
357.8144058631
358.6924610646
359.5679314008
360.4408105627
361.3110922599
362.1787702211
363.0438381933
363.9062899425
364.7661192538
365.6233199307
366.4778857960
367.3298106914
368.1790884777
369.0257130346
369.8696782610
370.7109780751
371.5496064141
372.3855572346
373.2188245125
374.0494022428
374.8772844402
375.7024651387
376.5249383916
377.3446982721
378.1617388725
378.9760543050
379.7876387014
380.5964862131
381.4025910113
382.2059472868
383.0065492504
383.8043911327
384.5994671842
385.3917716752
386.1812988961
386.9680431573
387.7519987893
388.5331601425
389.3115215878
390.0870775158
390.8598223377
391.6297504848
392.3968564087
393.1611345815
393.9225794953
394.6811856631
395.4369476179
396.1898599136
396.9399171243
397.6871138449
398.4314446908
399.1729042982
399.9114873237
400.6471884449
401.3800023600
402.1099237882
402.8369474694
403.5610681644
404.2822806548
405.0005797435
405.7159602541
406.4284170312
407.1379449407
407.8445388695
408.5481937256
409.2489044382
409.9466659578
410.6414732560
411.3333213257
412.0222051814
412.7081198586
413.3910604145
414.0710219274
414.7479994973
415.4219882458
416.0929833158
416.7609798719
417.4259731002
418.0879582086
418.7469304266
419.4028850054
420.0558172179
420.7057223589
421.3525957450
421.9964327145
422.6372286277
423.2749788668
423.9096788360
424.5413239614
425.1699096912
425.7954314954
426.4178848665
427.0372653187
427.6535683886
428.2667896349
428.8769246385
429.4839690025
430.0879183524
430.6887683360
431.2865146232
431.8811529064
432.4726789006
433.0610883430
433.6463769933
434.2285406336
434.8075750688
435.3834761260
435.9562396551
436.5258615287
437.0923376417
437.6556639120
438.2158362801
438.7728507091
439.3267031849
439.8773897165
440.4249063352
440.9692490955
441.5104140746
442.0483973728
442.5831951132
443.1148034417
443.6432185275
444.1684365626
444.6904537620
445.2092663640
445.7248706298
446.2372628438
446.7464393134
447.2523963694
447.7551303657
448.2546376794
448.7509147109
449.2439578837
449.7337636450
450.2203284649
450.7036488371
451.1837212786
451.6605423299
452.1341085548
452.6044165406
453.0714628981
453.5352442616
453.9957572890
454.4529986615
454.9069650843
455.3576532858
455.8050600182
456.2491820573
456.6900162027
457.1275592775
457.5618081286
457.9927596268
458.4204106663
458.8447581654
459.2657990662
459.6835303343
460.0979489595
460.5090519554
460.9168363594
461.3212992329
461.7224376611
462.1202487534
462.5147296429
462.9058774868
463.2936894665
463.6781627872
464.0592946782
464.4370823931
464.8115232093
465.1826144284
465.5503533763
465.9147374028
466.2757638822
466.6334302127
466.9877338169
467.3386721415
467.6862426575
468.0304428602
468.3712702692
468.7087224284
469.0427969059
469.3734912944
469.7008032106
470.0247302959
470.3452702160
470.6624206609
470.9761793451
471.2865440075
471.5935124116
471.8970823453
472.1972516208
472.4940180752
472.7873795697
473.0773339903
473.3638792476
473.6470132764
473.9267340366
474.2030395122
474.4759277123
474.7453966701
475.0114444439
475.2740691164
475.5332687951
475.7890416120
476.0413857240
476.2902993125
476.5357805839
476.7778277691
477.0164391238
477.2516129285
477.4833474884
477.7116411337
477.9364922191
478.1578991242
478.3758602536
478.5903740365
478.8014389271
479.0090534044
479.2132159721
479.4139251591
479.6111795190
479.8049776303
479.9953180963
480.1821995455
480.3656206312
480.5455800314
480.7220764494
480.8951086132
481.0646752760
481.2307752157
481.3934072355
481.5525701633
481.7082628520
481.8604841799
482.0092330498
482.1545083899
482.2963091533
482.4346343180
482.5694828873
482.7008538894
482.8287463776
482.9531594302
483.0740921507
483.1915436676
483.3055131345
483.4159997302
483.5230026583
483.6265211478
483.7265544527
483.8231018521
483.9161626503
484.0057361767
484.0918217857
484.1744188570
484.2535267953
484.3291450306
484.4012730179
484.4699102376
484.5350561948
484.5967104203
484.6548724696
484.7095419236
484.7607183884
484.8084014952
484.8525909004
484.8932862854
484.9304873571
484.9641938474
484.9944055133
485.0211221371
485.0443435264
485.0640695137
485.0802999570
485.0930347392
485.1022737686
485.1080169786
485.1102643278
485.1090158000
485.1042714042
485.0960311747
485.0842951708
485.0690634770
485.0503362031
485.0281134841
485.0023954802
484.9731823766
484.9404743839
484.9042717378
484.8645746992
484.8213835541
484.7746986138
484.7245202148
484.6708487186
484.6136845119
484.5530280069
484.4888796405
484.4212398750
484.3501091979
484.2754881218
484.1973771844
484.1157769486
484.0306880025
483.9421109592
483.8500464570
483.7544951595
483.6554577551
483.5529349576
483.4469275058
483.3374361636
483.2244617201
483.1080049893
482.9880668106
482.8646480481
482.7377495915
482.6073723550
482.4735172783
482.3361853259
482.1953774876
482.0510947779
481.9033382368
481.7521089290
481.5974079442
481.4392363973
481.2775954282
481.1124862017
480.9439099076
480.7718677608
480.5963610010
480.4173908930
480.2349587266
480.0490658164
479.8597135020
479.6669031479
479.4706361437
479.2709139036
479.0677378670
478.8611094981
478.6510302857
478.4375017440
478.2205254115
478.0001028520
477.7762356539
477.5489254304
477.3181738196
477.0839824844
476.8463531124
476.6052874162
476.3607871329
476.1128540244
475.8614898775
475.6066965036
475.3484757388
475.0868294439
474.8217595045
474.5532678307
474.2813563575
474.0060270442
473.7272818750
473.4451228586
473.1595520284
472.8705714423
472.5781831828
472.2823893570
471.9831920964
471.6805935572
471.3745959200
471.0652013899
470.7524121966
470.4362305940
470.1166588608
469.7936992999
469.4673542386
469.1376260286
468.8045170463
468.4680296919
468.1281663904
467.7849295910
467.4383217671
467.0883454166
466.7350030614
466.3782972479
466.0182305466
465.6548055523
465.2880248841
464.9178911849
464.5444071222
464.1675753873
463.7873986960
463.4038797878
463.0170214266
462.6268264001
462.2332975203
461.8364376231
461.4362495684
461.0327362400
460.6259005459
460.2157454179
459.8022738116
459.3854887068
458.9653931068
458.5419900391
458.1152825548
457.6852737290
457.2519666604
456.8153644716
456.3754703090
455.9322873426
455.4858187660
455.0360677967
454.5830376758
454.1267316680
453.6671530615
453.2043051683
452.7381913238
452.2688148870
451.7961792404
451.3202877899
450.8411439650
450.3587512186
449.8731130270
449.3842328899
448.8921143302
448.3967608944
447.8981761522
447.3963636966
446.8913271437
446.3830701332
445.8715963275
445.3569094127
444.8390130977
444.3179111147
443.7936072188
443.2661051886
442.7354088252
442.2015219531
441.6644484197
441.1241920953
440.5807568732
440.0341466696
439.4843654235
438.9314170969
438.3753056744
437.8160351638
437.2536095951
436.6880330216
436.1193095189
435.5474431854
434.9724381423
434.3942985332
433.8130285244
433.2286323047
432.6411140855
432.0504781007
431.4567286066
430.8598698820
430.2599062280
429.6568419682
429.0506814484
428.4414290370
427.8290891244
427.2136661233
426.5951644687
425.9735886177
425.3489430497
424.7212322660
424.0904607901
423.4566331676
422.8197539662
422.1798277753
421.5368592066
420.8908528934
420.2418134911
419.5897456770
418.9346541500
418.2765436311
417.6154188626
416.9512846091
416.2841456564
415.6140068122
414.9408729058
414.2647487879
413.5856393311
412.9035494291
412.2184839974
411.5304479728
410.8394463136
410.1454839992
409.4485660308
408.7486974304
408.0458832417
407.3401285293
406.6314383791
405.9198178983
405.2052722150
404.4878064785
403.7674258592
403.0441355482
402.3179407580
401.5888467216
400.8568586934
400.1219819481
399.3842217816
398.6435835105
397.9000724721
397.1536940242
396.4044535458
395.6523564359
394.8974081146
394.1396140221
393.3789796195
392.6155103882
391.8492118300
391.0800894671
390.3081488421
389.5333955178
388.7558350775
387.9754731244
387.1923152822
386.4063671945
385.6176345252
384.8261229582
384.0318381974
383.2347859667
382.4349720099
381.6324020907
380.8270819929
380.0190175197
379.2082144944
378.3946787600
377.5784161790
376.7594326338
375.9377340262
375.1133262776
374.2862153291
373.4564071412
372.6239076936
371.7887229857
370.9508590361
370.1103218828
369.2671175830
368.4212522131
367.5727318687
366.7215626645
365.8677507345
365.0113022314
364.1522233271
363.2905202125
362.4261990972
361.5592662100
360.6897277982
359.8175901280
358.9428594844
358.0655421710
357.1856445100
356.3031728423
355.4181335273
354.5305329429
353.6403774855
352.7476735698
351.8524276291
350.9546461147
350.0543354964
349.1515022621
348.2461529180
347.3382939884
346.4279320155
345.5150735599
344.5997251998
343.6818935317
342.7615851697
341.8388067458
340.9135649101
339.9858663300
339.0557176909
338.1231256959
337.1880970654
336.2506385376
335.3107568683
334.3684588304
333.4237512146
332.4766408287
331.5271344981
330.5752390650
329.6209613893
328.6643083478
327.7052868344
326.7439037603
325.7801660535
324.8140806591
323.8456545389
322.8748946718
321.9018080535
320.9264016964
319.9486826295
318.9686578988
317.9863345665
317.0017197117
316.0148204298
315.0256438328
314.0341970490
313.0404872233
312.0445215165
311.0463071060
310.0458511852
309.0431609638
308.0382436676
307.0311065384
306.0217568338
305.0102018277
303.9964488097
302.9805050852
301.9623779756
300.9420748177
299.9196029643
298.8949697836
297.8681826595
296.8392489914
295.8081761943
294.7749716982
293.7396429490
292.7021974074
291.6626425499
290.6209858676
289.5772348673
288.5313970704
287.4834800138
286.4334912490
285.3814383428
284.3273288764
283.2711704462
282.2129706633
281.1527371535
280.0904775571
279.0261995291
277.9599107393
276.8916188715
275.8213316242
274.7490567105
273.6748018574
272.5985748063
271.5203833131
270.4402351475
269.3581380935
268.2740999489
267.1881285259
266.1002316502
265.0104171617
263.9186929140
262.8250667743
261.7295466238
260.6321403572
259.5328558827
258.4317011222
257.3286840111
256.2238124980
255.1170945450
254.0085381276
252.8981512344
251.7859418672
250.6719180410
249.5560877839
248.4384591369
247.3190401541
246.1978389024
245.0748634616
243.9501219242
242.8236223955
241.6953729935
240.5653818487
239.4336571043
238.3002069158
237.1650394514
236.0281628914
234.8895854286
233.7493152679
232.6073606266
231.4637297340
230.3184308315
229.1714721725
228.0228620225
226.8726086586
225.7207203701
224.5672054579
223.4120722346
222.2553290244
221.0969841634
219.9370459990
218.7755228900
217.6124232068
216.4477553312
215.2815276561
214.1137485858
212.9444265358
211.7735699325
210.6011872136
209.4272868277
208.2518772344
207.0749669040
205.8965643178
204.7166779678
203.5353163566
202.3524879976
201.1682014147
199.9824651422
198.7952877250
197.6066777183
196.4166436876
195.2251942088
194.0323378679
192.8380832609
191.6424389943
190.4454136840
189.2470159565
188.0472544477
186.8461378035
185.6436746797
184.4398737415
183.2347436641
182.0282931320
180.8205308393
179.6114654896
178.4011057959
177.1894604803
175.9765382746
174.7623479194
173.5468981645
172.3301977691
171.1122555010
169.8930801371
168.6726804634
167.4510652744
166.2282433734
165.0042235727
163.7790146929
162.5526255633
161.3250650217
160.0963419144
158.8664650959
157.6354434292
156.4032857855
155.1700010441
153.9355980925
152.7000858263
151.4634731491
150.2257689722
148.9869822150
147.7471218046
146.5061966760
145.2642157717
144.0211880418
142.7771224441
141.5320279436
140.2859135131
139.0387881324
137.7906607887
136.5415404766
135.2914361977
134.0403569605
132.7883117810
131.5353096816
130.2813596920
129.0264708487
127.7706521948
126.5139127801
125.2562616612
123.9977079012
122.7382605696
121.4779287425
120.2167215023
118.9546479376
117.6917171435
116.4279382210
115.1633202774
113.8978724260
112.6316037861
111.3645234828
110.0966406472
108.8279644160
107.5585039318
106.2882683429
105.0172668029
103.7455084711
102.4730025124
101.1997580967
99.9257843997
98.6510906019
97.3756858893
96.0995794529
94.8227804888
93.5452981980
92.2671417866
90.9883204653
89.7088434499
88.4287199606
87.1479592226
85.8665704654
84.5845629232
83.3019458345
82.0187284425
80.7349199943
79.4505297416
78.1655669401
76.8800408498
75.5939607346
74.3073358624
73.0201755052
71.7324889386
70.4442854422
69.1555742993
67.8663647967
66.5766662250
65.2864878781
63.9958390536
62.7047290524
61.4131671786
60.1211627396
58.8287250462
57.5358634122
56.2425871542
54.9489055921
53.6548280488
52.3603638496
51.0655223231
49.7703128002
48.4747446148
47.1788271032
45.8825696042
44.5859814590
43.2890720114
41.9918506074
40.6943265952
39.3965093252
38.0984081500
36.8000324241
35.5013915041
34.2024947484
32.9033515174
31.6039711732
30.3043630795
29.0045366018
27.7045011071
26.4042659639
25.1038405422
23.8032342133
22.5024563498
21.2015163256
19.9004235158
18.5991872965
17.2978170447
15.9963221388
14.6947119577
13.3929958813
12.0911832902
10.7892835657
9.4873060898
8.1852602450
6.8831554143
5.5810009812
4.2788063293
2.9765808429
1.6743339062
0.3720749036
-0.0000000000
-0.0000000000
-0.0000000000
-0.0000000000
-0.0000000000
-0.0000000000
-0.0000000000
-0.0000000000
-0.0000000000
-0.0000000000
-0.0000000000
-0.0000000000
-0.0000000000
-0.0000000000
-0.0000000000
-0.0000000000
-0.0000000000
-0.0000000000
-0.0000000000
-0.0000000000
-0.0000000000
-0.0000000000
-0.0000000000
-0.0000000000
-0.0000000000
-0.0000000000
-0.0000000000
-0.0000000000
-0.0000000000
-0.0000000000
-0.0000000000
-0.0000000000
-0.0000000000
-0.0000000000
-0.0000000000
-0.0000000000
-0.0000000000
-0.0000000000
-0.0000000000
-0.0000000000
-0.0000000000
-0.0000000000
-0.0000000000
-0.0000000000
-0.0000000000
-0.0000000000
-0.0000000000
-0.0000000000
-0.0000000000
-0.0000000000
-0.0000000000
-0.0000000000
-0.0000000000
-0.0000000000
-0.0000000000
-0.0000000000
-0.0000000000
-0.0000000000
-0.0000000000
-0.0000000000
-0.0000000000
-0.0000000000
-0.0000000000
-0.0000000000
-0.0000000000
-0.0000000000
-0.0000000000
-0.0000000000
-0.0000000000
-0.0000000000
-0.0000000000
-0.0000000000
-0.0000000000
-0.0000000000
-0.0000000000
-0.0000000000
-0.0000000000
-0.0000000000
-0.0000000000
-0.0000000000
-0.0000000000
-0.0000000000
-0.0000000000
-0.0000000000
-0.0000000000
-0.0000000000
-0.0000000000
-0.0000000000
-0.0000000000
-0.0000000000
-0.0000000000
-0.0000000000
-0.0000000000
-0.0000000000
-0.0000000000
-0.0000000000
-0.0000000000
-0.0000000000
-0.0000000000
-0.0000000000
-0.0000000000
-0.0000000000
-0.0000000000
-0.0000000000
-0.0000000000
-0.0000000000
-0.0000000000
-0.0000000000
-0.0000000000
-0.0000000000
-0.0000000000
-0.0000000000
-0.0000000000
-0.0000000000
-0.0000000000
-0.0000000000
-0.0000000000
-0.0000000000
-0.0000000000
-0.0000000000
-0.0000000000
-0.0000000000
-0.0000000000
-0.0000000000
-0.0000000000
-0.0000000000
-0.0000000000
-0.0000000000
-0.0000000000
-0.0000000000
-0.0000000000
-0.0000000000
-0.0000000000
-0.0000000000
-0.0000000000
-0.0000000000
-0.0000000000
-0.0000000000
-0.0000000000
-0.0000000000
-0.0000000000
-0.0000000000
-0.0000000000
-0.0000000000
-0.0000000000
-0.0000000000
-0.0000000000
-0.0000000000
-0.0000000000
-0.0000000000
-0.0000000000
-0.0000000000
-0.0000000000
-0.0000000000
-0.0000000000
-0.0000000000
-0.0000000000
-0.0000000000
-0.0000000000
-0.0000000000
-0.0000000000
-0.0000000000
-0.0000000000
-0.0000000000
-0.0000000000
-0.0000000000
-0.0000000000
-0.0000000000
-0.0000000000
-0.0000000000
-0.0000000000
-0.0000000000
-0.0000000000
-0.0000000000
-0.0000000000
-0.0000000000
-0.0000000000
-0.0000000000
-0.0000000000
-0.0000000000
-0.0000000000
-0.0000000000
-0.0000000000
-0.0000000000
-0.0000000000
-0.0000000000
-0.0000000000
-0.0000000000
-0.0000000000
-0.0000000000
-0.0000000000
-0.0000000000
-0.0000000000
-0.0000000000
-0.0000000000
-0.0000000000
-0.0000000000
-0.0000000000
-0.0000000000
-0.0000000000
-0.0000000000
-0.0000000000
-0.0000000000
-0.0000000000
-0.0000000000
-0.0000000000
-0.0000000000
-0.0000000000
-0.0000000000
-0.0000000000
-0.0000000000
-0.0000000000
-0.0000000000
-0.0000000000
-0.0000000000
-0.0000000000
-0.0000000000
-0.0000000000
-0.0000000000
-0.0000000000
-0.0000000000
-0.0000000000
-0.0000000000
-0.0000000000
-0.0000000000
-0.0000000000
-0.0000000000
-0.0000000000
-0.0000000000
-0.0000000000
-0.0000000000
-0.0000000000
-0.0000000000
-0.0000000000
-0.0000000000
-0.0000000000
-0.0000000000
-0.0000000000
-0.0000000000
-0.0000000000
-0.0000000000
-0.0000000000
-0.0000000000
-0.0000000000
-0.0000000000
-0.0000000000
-0.0000000000
-0.0000000000
-0.0000000000
-0.0000000000
-0.0000000000
-0.0000000000
-0.0000000000
-0.0000000000
-0.0000000000
-0.0000000000
-0.0000000000
-0.0000000000
-0.0000000000
-0.0000000000
-0.0000000000
-0.0000000000
-0.0000000000
-0.0000000000
-0.0000000000
-0.0000000000
-0.0000000000
-0.0000000000
-0.0000000000
-0.0000000000
-0.0000000000
-0.0000000000
-0.0000000000
-0.0000000000
-0.0000000000
-0.0000000000
-0.0000000000
-0.0000000000
-0.0000000000
-0.0000000000
-0.0000000000
-0.0000000000
-0.0000000000
-0.0000000000
-0.0000000000
-0.0000000000
-0.0000000000
-0.0000000000
-0.0000000000
-0.0000000000
-0.0000000000
-0.0000000000
-0.0000000000
-0.0000000000
-0.0000000000
-0.0000000000
-0.0000000000
-0.0000000000
-0.0000000000
-0.0000000000
-0.0000000000
-0.0000000000
-0.0000000000
-0.0000000000
-0.0000000000
-0.0000000000
-0.0000000000
-0.0000000000
-0.0000000000
-0.0000000000
-0.0000000000
-0.0000000000
-0.0000000000
-0.0000000000
-0.0000000000
-0.0000000000
-0.0000000000
-0.0000000000
-0.0000000000
-0.0000000000
-0.0000000000
-0.0000000000
-0.0000000000
-0.0000000000
-0.0000000000
-0.0000000000
-0.0000000000
-0.0000000000
-0.0000000000
-0.0000000000
-0.0000000000
-0.0000000000
-0.0000000000
-0.0000000000
-0.0000000000
-0.0000000000
-0.0000000000
-0.0000000000
-0.0000000000
-0.0000000000
-0.0000000000
-0.0000000000
-0.0000000000
-0.0000000000
-0.0000000000
-0.0000000000
-0.0000000000
-0.0000000000
-0.0000000000
-0.0000000000
-0.0000000000
-0.0000000000
-0.0000000000
-0.0000000000
-0.0000000000
-0.0000000000
-0.0000000000
-0.0000000000
-0.0000000000
-0.0000000000
-0.0000000000
-0.0000000000
-0.0000000000
-0.0000000000
-0.0000000000
-0.0000000000
-0.0000000000
-0.0000000000
-0.0000000000
-0.0000000000
-0.0000000000
-0.0000000000
-0.0000000000
-0.0000000000
-0.0000000000
-0.0000000000
-0.0000000000
-0.0000000000
-0.0000000000
-0.0000000000
-0.0000000000
-0.0000000000
-0.0000000000
-0.0000000000
-0.0000000000
-0.0000000000
-0.0000000000
-0.0000000000
-0.0000000000
-0.0000000000
-0.0000000000
-0.0000000000
-0.0000000000
-0.0000000000
-0.0000000000
-0.0000000000
-0.0000000000
-0.0000000000
-0.0000000000
-0.0000000000
-0.0000000000
-0.0000000000
-0.0000000000
-0.0000000000
-0.0000000000
-0.0000000000
-0.0000000000
-0.0000000000
-0.0000000000
-0.0000000000
-0.0000000000
-0.0000000000
-0.0000000000
-0.0000000000
-0.0000000000
-0.0000000000
-0.0000000000
-0.0000000000
-0.0000000000
-0.0000000000
-0.0000000000
-0.0000000000
-0.0000000000
-0.0000000000
-0.0000000000
-0.0000000000
-0.0000000000
-0.0000000000
-0.0000000000
-0.0000000000
-0.0000000000
-0.0000000000
-0.0000000000
-0.0000000000
-0.0000000000
-0.0000000000
-0.0000000000
-0.0000000000
-0.0000000000
-0.0000000000
-0.0000000000
-0.0000000000
-0.0000000000
-0.0000000000
-0.0000000000
-0.0000000000
-0.0000000000
-0.0000000000
-0.0000000000
-0.0000000000
-0.0000000000
-0.0000000000
-0.0000000000
-0.0000000000
-0.0000000000
-0.0000000000
-0.0000000000
-0.0000000000
-0.0000000000
-0.0000000000
-0.0000000000
-0.0000000000
-0.0000000000
-0.0000000000
-0.0000000000
-0.0000000000
-0.0000000000
-0.0000000000
-0.0000000000
-0.0000000000
-0.0000000000
-0.0000000000
-0.0000000000
-0.0000000000
-0.0000000000
-0.0000000000
-0.0000000000
-0.0000000000
-0.0000000000
-0.0000000000
-0.0000000000
-0.0000000000
-0.0000000000
-0.0000000000
-0.0000000000
-0.0000000000
-0.0000000000
-0.0000000000
-0.0000000000
-0.0000000000
-0.0000000000
-0.0000000000
-0.0000000000
-0.0000000000
-0.0000000000
-0.0000000000
-0.0000000000
-0.0000000000
-0.0000000000
-0.0000000000
-0.0000000000
-0.0000000000
-0.0000000000
-0.0000000000
-0.0000000000
-0.0000000000
-0.0000000000
-0.0000000000
-0.0000000000
-0.0000000000
-0.0000000000
-0.0000000000
-0.0000000000
-0.0000000000
-0.0000000000
-0.0000000000
-0.0000000000
-0.0000000000
-0.0000000000
-0.0000000000
-0.0000000000
-0.0000000000
-0.0000000000
-0.0000000000
-0.0000000000
-0.0000000000
-0.0000000000
-0.0000000000
-0.0000000000
-0.0000000000
-0.0000000000
-0.0000000000
-0.0000000000
-0.0000000000
-0.0000000000
-0.0000000000
-0.0000000000
-0.0000000000
-0.0000000000
-0.0000000000
-0.0000000000
-0.0000000000
-0.0000000000
-0.0000000000
-0.0000000000
-0.0000000000
-0.0000000000
-0.0000000000
-0.0000000000
-0.0000000000
-0.0000000000
-0.0000000000
-0.0000000000
-0.0000000000
-0.0000000000
-0.0000000000
-0.0000000000
-0.0000000000
-0.0000000000
-0.0000000000
-0.0000000000
-0.0000000000
-0.0000000000
-0.0000000000
-0.0000000000
-0.0000000000
-0.0000000000
-0.0000000000
-0.0000000000
-0.0000000000
-0.0000000000
-0.0000000000
-0.0000000000
-0.0000000000
-0.0000000000
-0.0000000000
-0.0000000000
-0.0000000000
-0.0000000000
-0.0000000000
-0.0000000000
-0.0000000000
-0.0000000000
-0.0000000000
-0.0000000000
-0.0000000000
-0.0000000000
-0.0000000000
-0.0000000000
-0.0000000000
-0.0000000000
-0.0000000000
-0.0000000000
-0.0000000000
-0.0000000000
-0.0000000000
-0.0000000000
-0.0000000000
-0.0000000000
-0.0000000000
-0.0000000000
-0.0000000000
-0.0000000000
-0.0000000000
-0.0000000000
-0.0000000000
-0.0000000000
-0.0000000000
-0.0000000000
-0.0000000000
-0.0000000000
-0.0000000000
-0.0000000000
-0.0000000000
-0.0000000000
-0.0000000000
-0.0000000000
-0.0000000000
-0.0000000000
-0.0000000000
-0.0000000000
-0.0000000000
-0.0000000000
-0.0000000000
-0.0000000000
-0.0000000000
-0.0000000000
-0.0000000000
-0.0000000000
-0.0000000000
-0.0000000000
-0.0000000000
-0.0000000000
-0.0000000000
-0.0000000000
-0.0000000000
-0.0000000000
-0.0000000000
-0.0000000000
-0.0000000000
-0.0000000000
-0.0000000000
-0.0000000000
-0.0000000000
-0.0000000000
-0.0000000000
-0.0000000000
-0.0000000000
-0.0000000000
-0.0000000000
-0.0000000000
-0.0000000000
-0.0000000000
-0.0000000000
-0.0000000000
-0.0000000000
-0.0000000000
-0.0000000000
-0.0000000000
-0.0000000000
-0.0000000000
-0.0000000000
-0.0000000000
-0.0000000000
-0.0000000000
-0.0000000000
-0.0000000000
-0.0000000000
-0.0000000000
-0.0000000000
-0.0000000000
-0.0000000000
-0.0000000000
-0.0000000000
-0.0000000000
-0.0000000000
-0.0000000000
-0.0000000000
-0.0000000000
-0.0000000000
-0.0000000000
-0.0000000000
-0.0000000000
-0.0000000000
-0.0000000000
-0.0000000000
-0.0000000000
-0.0000000000
-0.0000000000
-0.0000000000
-0.0000000000
-0.0000000000
-0.0000000000
-0.0000000000
-0.0000000000
-0.0000000000
-0.0000000000
-0.0000000000
-0.0000000000
-0.0000000000
-0.0000000000
-0.0000000000
-0.0000000000
-0.0000000000
-0.0000000000
-0.0000000000
-0.0000000000
-0.0000000000
-0.0000000000
-0.0000000000
-0.0000000000
-0.0000000000
-0.0000000000
-0.0000000000
-0.0000000000
-0.0000000000
-0.0000000000
-0.0000000000
-0.0000000000
-0.0000000000
-0.0000000000
-0.0000000000
-0.0000000000
-0.0000000000
-0.0000000000
-0.0000000000
-0.0000000000
-0.0000000000
-0.0000000000
-0.0000000000
-0.0000000000
-0.0000000000
-0.0000000000
-0.0000000000
-0.0000000000
-0.0000000000
-0.0000000000
-0.0000000000
-0.0000000000
-0.0000000000
-0.0000000000
-0.0000000000
-0.0000000000
-0.0000000000
-0.0000000000
-0.0000000000
-0.0000000000
-0.0000000000
-0.0000000000
-0.0000000000
-0.0000000000
-0.0000000000
-0.0000000000
-0.0000000000
-0.0000000000
-0.0000000000
-0.0000000000
-0.0000000000
-0.0000000000
-0.0000000000
-0.0000000000
-0.0000000000
-0.0000000000
-0.0000000000
-0.0000000000
-0.0000000000
-0.0000000000
-0.0000000000
-0.0000000000
-0.0000000000
-0.0000000000
-0.0000000000
-0.0000000000
-0.0000000000
-0.0000000000
-0.0000000000
-0.0000000000
-0.0000000000
-0.0000000000
-0.0000000000
-0.0000000000
-0.0000000000
-0.0000000000
-0.0000000000
-0.0000000000
-0.0000000000
-0.0000000000
-0.0000000000
-0.0000000000
-0.0000000000
-0.0000000000
-0.0000000000
-0.0000000000
-0.0000000000
-0.0000000000
-0.0000000000
-0.0000000000
-0.0000000000
-0.0000000000
-0.0000000000
-0.0000000000
-0.0000000000
-0.0000000000
-0.0000000000
-0.0000000000
-0.0000000000
-0.0000000000
-0.0000000000
-0.0000000000
-0.0000000000
-0.0000000000
-0.0000000000
-0.0000000000
-0.0000000000
-0.0000000000
-0.0000000000
-0.0000000000
-0.0000000000
-0.0000000000
-0.0000000000
-0.0000000000
-0.0000000000
-0.0000000000
-0.0000000000
-0.0000000000
-0.0000000000
-0.0000000000
-0.0000000000
-0.0000000000
-0.0000000000
-0.0000000000
-0.0000000000
-0.0000000000
-0.0000000000
-0.0000000000
-0.0000000000
-0.0000000000
-0.0000000000
-0.0000000000
-0.0000000000
-0.0000000000
-0.0000000000
-0.0000000000
-0.0000000000
-0.0000000000
-0.0000000000
-0.0000000000
-0.0000000000
-0.0000000000
-0.0000000000
-0.0000000000
-0.0000000000
-0.0000000000
-0.0000000000
-0.0000000000
-0.0000000000
-0.0000000000
-0.0000000000
-0.0000000000
-0.0000000000
-0.0000000000
-0.0000000000
-0.0000000000
-0.0000000000
-0.0000000000
-0.0000000000
-0.0000000000
-0.0000000000
-0.0000000000
-0.0000000000
-0.0000000000
-0.0000000000
-0.0000000000
-0.0000000000
-0.0000000000
-0.0000000000
-0.0000000000
-0.0000000000
-0.0000000000
-0.0000000000
-0.0000000000
-0.0000000000
-0.0000000000
-0.0000000000
-0.0000000000
-0.0000000000
-0.0000000000
-0.0000000000
-0.0000000000
-0.0000000000
-0.0000000000
-0.0000000000
-0.0000000000
-0.0000000000
-0.0000000000
-0.0000000000
-0.0000000000
-0.0000000000
-0.0000000000
-0.0000000000
-0.0000000000
-0.0000000000
-0.0000000000
-0.0000000000
-0.0000000000
-0.0000000000
-0.0000000000
-0.0000000000
-0.0000000000
-0.0000000000
-0.0000000000
-0.0000000000
-0.0000000000
-0.0000000000
-0.0000000000
-0.0000000000
-0.0000000000
-0.0000000000
-0.0000000000
-0.0000000000
-0.0000000000
-0.0000000000
-0.0000000000
-0.0000000000
-0.0000000000
-0.0000000000
-0.0000000000
-0.0000000000
-0.0000000000
-0.0000000000
-0.0000000000
-0.0000000000
-0.0000000000
-0.0000000000
-0.0000000000
-0.0000000000
-0.0000000000
-0.0000000000
-0.0000000000
-0.0000000000
-0.0000000000
-0.0000000000
-0.0000000000
-0.0000000000
-0.0000000000
-0.0000000000
-0.0000000000
-0.0000000000
-0.0000000000
-0.0000000000
-0.0000000000
-0.0000000000
-0.0000000000
-0.0000000000
-0.0000000000
-0.0000000000
-0.0000000000
-0.0000000000
-0.0000000000
-0.0000000000
-0.0000000000
-0.0000000000
-0.0000000000
-0.0000000000
-0.0000000000
-0.0000000000
-0.0000000000
-0.0000000000
-0.0000000000
-0.0000000000
-0.0000000000
-0.0000000000
-0.0000000000
-0.0000000000
-0.0000000000
-0.0000000000
-0.0000000000
-0.0000000000
-0.0000000000
-0.0000000000
-0.0000000000
-0.0000000000
-0.0000000000
-0.0000000000
-0.0000000000
-0.0000000000
-0.0000000000
-0.0000000000
-0.0000000000
-0.0000000000
-0.0000000000
-0.0000000000
-0.0000000000
-0.0000000000
-0.0000000000
-0.0000000000
-0.0000000000
-0.0000000000
-0.0000000000
-0.0000000000
-0.0000000000
-0.0000000000
-0.0000000000
-0.0000000000
-0.0000000000
-0.0000000000
-0.0000000000
-0.0000000000
-0.0000000000
-0.0000000000
-0.0000000000
-0.0000000000
-0.0000000000
-0.0000000000
-0.0000000000
-0.0000000000
-0.0000000000
-0.0000000000
-0.0000000000
-0.0000000000
-0.0000000000
-0.0000000000
-0.0000000000
-0.0000000000
-0.0000000000
-0.0000000000
-0.0000000000
-0.0000000000
-0.0000000000
-0.0000000000
-0.0000000000
-0.0000000000
-0.0000000000
-0.0000000000
-0.0000000000
-0.0000000000
-0.0000000000
-0.0000000000
-0.0000000000
-0.0000000000
-0.0000000000
-0.0000000000
-0.0000000000
-0.0000000000
-0.0000000000
-0.0000000000
-0.0000000000
-0.0000000000
-0.0000000000
-0.0000000000
-0.0000000000
-0.0000000000
-0.0000000000
-0.0000000000
-0.0000000000
-0.0000000000
-0.0000000000
-0.0000000000
-0.0000000000
-0.0000000000
-0.0000000000
-0.0000000000
-0.0000000000
-0.0000000000
-0.0000000000
-0.0000000000
-0.0000000000
-0.0000000000
-0.0000000000
-0.0000000000
-0.0000000000
-0.0000000000
-0.0000000000
-0.0000000000
-0.0000000000
-0.0000000000
-0.0000000000
-0.0000000000
-0.0000000000
-0.0000000000
-0.0000000000
-0.0000000000
-0.0000000000
-0.0000000000
-0.0000000000
-0.0000000000
-0.0000000000
-0.0000000000
-0.0000000000
-0.0000000000
-0.0000000000
-0.0000000000
-0.0000000000
-0.0000000000
-0.0000000000
-0.0000000000
-0.0000000000
-0.0000000000
-0.0000000000
-0.0000000000
-0.0000000000
-0.0000000000
-0.0000000000
-0.0000000000
-0.0000000000
-0.0000000000
-0.0000000000
-0.0000000000
-0.0000000000
-0.0000000000
-0.0000000000
-0.0000000000
-0.0000000000
-0.0000000000
-0.0000000000
-0.0000000000
-0.0000000000
-0.0000000000
-0.0000000000
-0.0000000000
-0.0000000000
-0.0000000000
-0.0000000000
-0.0000000000
-0.0000000000
-0.0000000000
-0.0000000000
-0.0000000000
-0.0000000000
-0.0000000000
-0.0000000000
-0.0000000000
-0.0000000000
-0.0000000000
-0.0000000000
-0.0000000000
-0.0000000000
-0.0000000000
-0.0000000000
-0.0000000000
-0.0000000000
-0.0000000000
-0.0000000000
-0.0000000000
-0.0000000000
-0.0000000000
-0.0000000000
-0.0000000000
-0.0000000000
-0.0000000000
-0.0000000000
-0.0000000000
-0.0000000000
-0.0000000000
-0.0000000000
-0.0000000000
-0.0000000000
-0.0000000000
-0.0000000000
-0.0000000000
-0.0000000000
-0.0000000000
-0.0000000000
-0.0000000000
-0.0000000000
-0.0000000000
-0.0000000000
-0.0000000000
-0.0000000000
-0.0000000000
0.0000000000
0.0000000000
0.0000000000
0.0000000000
0.0000000000
0.0000000000
0.0000000000
0.0000000000
0.0000000000
0.0000000000
0.0000000000
0.0000000000
0.0000000000
0.0000000000
0.0000000000
0.0000000000
0.0000000000
0.0000000000
0.0000000000
0.0000000000
0.0000000000
0.0000000000
0.0000000000
0.0000000000
0.0000000000
0.0000000000
0.0000000000
0.0000000000
0.0000000000
0.0000000000
0.0000000000
0.0000000000
0.0000000000
0.0000000000
0.0000000000
0.0000000000
0.0000000000
0.0000000000
0.0000000000
0.0000000000
0.0000000000
0.0000000000
0.0000000000
0.0000000000
0.0000000000
0.0000000000
0.0000000000
0.0000000000
0.0000000000
0.0000000000
0.0000000000
0.0000000000
0.0000000000
0.0000000000
0.0000000000
0.0000000000
0.0000000000
0.0000000000
0.0000000000
0.0000000000
0.0000000000
0.0000000000
0.0000000000
0.0000000000
0.0000000000
0.0000000000
0.0000000000
0.0000000000
0.0000000000
0.0000000000
0.0000000000
0.0000000000
0.0000000000
0.0000000000
0.0000000000
0.0000000000
0.0000000000
0.0000000000
0.0000000000
0.0000000000
0.0000000000
0.0000000000
0.0000000000
0.0000000000
0.0000000000
0.0000000000
0.0000000000
0.0000000000
0.0000000000
0.0000000000
0.0000000000
0.0000000000
0.0000000000
0.0000000000
0.0000000000
0.0000000000
0.0000000000
0.0000000000
0.0000000000
0.0000000000
0.0000000000
0.0000000000
0.0000000000
0.0000000000
0.0000000000
0.0000000000
0.0000000000
0.0000000000
0.0000000000
0.0000000000
0.0000000000
0.0000000000
0.0000000000
0.0000000000
0.0000000000
0.0000000000
0.0000000000
0.0000000000
0.0000000000
0.0000000000
0.0000000000
0.0000000000
0.0000000000
0.0000000000
0.0000000000
0.0000000000
0.0000000000
0.0000000000
0.0000000000
0.0000000000
0.0000000000
0.0000000000
0.0000000000
0.0000000000
0.0000000000
0.0000000000
0.0000000000
0.0000000000
0.0000000000
0.0000000000
0.0000000000
0.0000000000
0.0000000000
0.0000000000
0.0000000000
0.0000000000
0.0000000000
0.0000000000
0.0000000000
0.0000000000
0.0000000000
0.0000000000
0.0000000000
0.0000000000
0.0000000000
0.0000000000
0.0000000000
0.0000000000
0.0000000000
0.0000000000
0.0000000000
0.0000000000
0.0000000000
0.0000000000
0.0000000000
0.0000000000
0.0000000000
0.0000000000
0.0000000000
0.0000000000
0.0000000000
0.0000000000
0.0000000000
0.0000000000
0.0000000000
0.0000000000
0.0000000000
0.0000000000
0.0000000000
0.0000000000
0.0000000000
0.0000000000
0.0000000000
0.0000000000
0.0000000000
0.0000000000
0.0000000000
0.0000000000
0.0000000000
0.0000000000
0.0000000000
0.0000000000
0.0000000000
0.0000000000
0.0000000000
0.0000000000
0.0000000000
0.0000000000
0.0000000000
0.0000000000
0.0000000000
0.0000000000
0.0000000000
0.0000000000
0.0000000000
0.0000000000
0.0000000000
0.0000000000
0.0000000000
0.0000000000
0.0000000000
0.0000000000
0.0000000000
0.0000000000
0.0000000000
0.0000000000
0.0000000000
0.0000000000
0.0000000000
0.0000000000
0.0000000000
0.0000000000
0.0000000000
0.0000000000
0.0000000000
0.0000000000
0.0000000000
0.0000000000
0.0000000000
0.0000000000
0.0000000000
0.0000000000
0.0000000000
0.0000000000
0.0000000000
0.0000000000
0.0000000000
0.0000000000
0.0000000000
0.0000000000
0.0000000000
0.0000000000
0.0000000000
0.0000000000
0.0000000000
0.0000000000
0.0000000000
0.0000000000
0.0000000000
0.0000000000
0.0000000000
0.0000000000
0.0000000000
0.0000000000
0.0000000000
0.0000000000
0.0000000000
0.0000000000
0.0000000000
0.0000000000
0.0000000000
0.0000000000
0.0000000000
0.0000000000
0.0000000000
0.0000000000
0.0000000000
0.0000000000
0.0000000000
0.0000000000
0.0000000000
0.0000000000
0.0000000000
0.0000000000
0.0000000000
0.0000000000
0.0000000000
0.0000000000
0.0000000000
0.0000000000
0.0000000000
0.0000000000
0.0000000000
0.0000000000
0.0000000000
0.0000000000
0.0000000000
0.0000000000
0.0000000000
0.0000000000
0.0000000000
0.0000000000
0.0000000000
0.0000000000
0.0000000000
0.0000000000
0.0000000000
0.0000000000
0.0000000000
0.0000000000
0.0000000000
0.0000000000
0.0000000000
0.0000000000
0.0000000000
0.0000000000
0.0000000000
0.0000000000
0.0000000000
0.0000000000
0.0000000000
0.0000000000
0.0000000000
0.0000000000
0.0000000000
0.0000000000
0.0000000000
0.0000000000
0.0000000000
0.0000000000
0.0000000000
0.0000000000
0.0000000000
0.0000000000
0.0000000000
0.0000000000
0.0000000000
0.0000000000
0.0000000000
0.0000000000
0.0000000000
0.0000000000
0.0000000000
0.0000000000
0.0000000000
0.0000000000
0.0000000000
0.0000000000
0.0000000000
0.0000000000
0.0000000000
0.0000000000
0.0000000000
0.0000000000
0.0000000000
0.0000000000
0.0000000000
0.0000000000
0.0000000000
0.0000000000
0.0000000000
0.0000000000
0.0000000000
0.0000000000
0.0000000000
0.0000000000
0.0000000000
0.0000000000
0.0000000000
0.0000000000
0.0000000000
0.0000000000
0.0000000000
0.0000000000
0.0000000000
0.0000000000
0.0000000000
0.0000000000
0.0000000000
0.0000000000
0.0000000000
0.0000000000
0.0000000000
0.0000000000
0.0000000000
0.0000000000
0.0000000000
0.0000000000
0.0000000000
0.0000000000
0.0000000000
0.0000000000
0.0000000000
0.0000000000
0.0000000000
0.0000000000
0.0000000000
0.0000000000
0.0000000000
0.0000000000
0.0000000000
0.0000000000
0.0000000000
0.0000000000
0.0000000000
0.0000000000
0.0000000000
0.0000000000
0.0000000000
0.0000000000
0.0000000000
0.0000000000
0.0000000000
0.0000000000
0.0000000000
0.0000000000
0.0000000000
0.0000000000
0.0000000000
0.0000000000
0.0000000000
0.0000000000
0.0000000000
0.0000000000
0.0000000000
0.0000000000
0.0000000000
0.0000000000
0.0000000000
0.0000000000
0.0000000000
0.0000000000
0.0000000000
0.0000000000
0.0000000000
0.0000000000
0.0000000000
0.0000000000
0.0000000000
0.0000000000
0.0000000000
0.0000000000
0.0000000000
0.0000000000
0.0000000000
0.0000000000
0.0000000000
0.0000000000
0.0000000000
0.0000000000
0.0000000000
0.0000000000
0.0000000000
0.0000000000
0.0000000000
0.0000000000
0.0000000000
0.0000000000
0.0000000000
0.0000000000
0.0000000000
0.0000000000
0.0000000000
0.0000000000
0.0000000000
0.0000000000
0.0000000000
0.0000000000
0.0000000000
0.0000000000
0.0000000000
0.0000000000
0.0000000000
0.0000000000
0.0000000000
0.0000000000
0.0000000000
0.0000000000
0.0000000000
0.0000000000
0.0000000000
0.0000000000
0.0000000000
0.0000000000
0.0000000000
0.0000000000
0.0000000000
0.0000000000
0.0000000000
0.0000000000
0.0000000000
0.0000000000
0.0000000000
0.0000000000
0.0000000000
0.0000000000
0.0000000000
0.0000000000
0.0000000000
0.0000000000
0.0000000000
0.0000000000
0.0000000000
0.0000000000
0.0000000000
0.0000000000
0.0000000000
0.0000000000
0.0000000000
0.0000000000
0.0000000000
0.0000000000
0.0000000000
0.0000000000
0.0000000000
0.0000000000
0.0000000000
0.0000000000
0.0000000000
0.0000000000
0.0000000000
0.0000000000
0.0000000000
0.0000000000
0.0000000000
0.0000000000
0.0000000000
0.0000000000
0.0000000000
0.0000000000
0.0000000000
0.0000000000
0.0000000000
0.0000000000
0.0000000000
0.0000000000
0.0000000000
0.0000000000
0.0000000000
0.0000000000
0.0000000000
0.0000000000
0.0000000000
0.0000000000
0.0000000000
0.0000000000
0.0000000000
0.0000000000
0.0000000000
0.0000000000
0.0000000000
0.0000000000
0.0000000000
0.0000000000
0.0000000000
0.0000000000
0.0000000000
0.0000000000
0.0000000000
0.0000000000
0.0000000000
0.0000000000
0.0000000000
0.0000000000
0.0000000000
0.0000000000
0.0000000000
0.0000000000
0.0000000000
0.0000000000
0.0000000000
0.0000000000
0.0000000000
0.0000000000
0.0000000000
0.0000000000
0.0000000000
0.0000000000
0.0000000000
0.0000000000
0.0000000000
0.0000000000
0.0000000000
0.0000000000
0.0000000000
0.0000000000
0.0000000000
0.0000000000
0.0000000000
0.0000000000
0.0000000000
0.0000000000
0.0000000000
0.0000000000
0.0000000000
0.0000000000
0.0000000000
0.0000000000
0.0000000000
0.0000000000
0.0000000000
0.0000000000
0.0000000000
0.0000000000
0.0000000000
0.0000000000
0.0000000000
0.0000000000
0.0000000000
0.0000000000
0.0000000000
0.0000000000
0.0000000000
0.0000000000
0.0000000000
0.0000000000
0.0000000000
0.0000000000
0.0000000000
0.0000000000
0.0000000000
0.0000000000
0.0000000000
0.0000000000
0.0000000000
0.0000000000
0.0000000000
0.0000000000
0.0000000000
0.0000000000
0.0000000000
0.0000000000
0.0000000000
0.0000000000
0.0000000000
0.0000000000
0.0000000000
0.0000000000
0.0000000000
0.0000000000
0.0000000000
0.0000000000
0.0000000000
0.0000000000
0.0000000000
0.0000000000
0.0000000000
0.0000000000
0.0000000000
0.0000000000
0.0000000000
0.0000000000
0.0000000000
0.0000000000
0.0000000000
0.0000000000
0.0000000000
0.0000000000
0.0000000000
0.0000000000
0.0000000000
0.0000000000
0.0000000000
0.0000000000
0.0000000000
0.0000000000
0.0000000000
0.0000000000
0.0000000000
0.0000000000
0.0000000000
0.0000000000
0.0000000000
0.0000000000
0.0000000000
0.0000000000
0.0000000000
0.0000000000
0.0000000000
0.0000000000
0.0000000000
0.0000000000
0.0000000000
0.0000000000
0.0000000000
0.0000000000
0.0000000000
0.0000000000
0.0000000000
0.0000000000
0.0000000000
0.0000000000
0.0000000000
0.0000000000
0.0000000000
0.0000000000
0.0000000000
0.0000000000
0.0000000000
0.0000000000
0.0000000000
0.0000000000
0.0000000000
0.0000000000
0.0000000000
0.0000000000
0.0000000000
0.0000000000
0.0000000000
0.0000000000
0.0000000000
0.0000000000
0.0000000000
0.0000000000
0.0000000000
0.0000000000
0.0000000000
0.0000000000
0.0000000000
0.0000000000
0.0000000000
0.0000000000
0.0000000000
0.0000000000
0.0000000000
0.0000000000
0.0000000000
0.0000000000
0.0000000000
0.0000000000
0.0000000000
0.0000000000
0.0000000000
0.0000000000
0.0000000000
0.0000000000
0.0000000000
0.0000000000
0.0000000000
0.0000000000
0.0000000000
0.0000000000
0.0000000000
0.0000000000
0.0000000000
0.0000000000
0.0000000000
0.0000000000
0.0000000000
0.0000000000
0.0000000000
0.0000000000
0.0000000000
0.0000000000
0.0000000000
0.0000000000
0.0000000000
0.0000000000
0.0000000000
0.0000000000
0.0000000000
0.0000000000
0.0000000000
0.0000000000
0.0000000000
0.0000000000
0.0000000000
0.0000000000
0.0000000000
0.0000000000
0.0000000000
0.0000000000
0.0000000000
0.0000000000
0.0000000000
0.0000000000
0.0000000000
0.0000000000
0.0000000000
0.0000000000
0.0000000000
0.0000000000
0.0000000000
0.0000000000
0.0000000000
0.0000000000
0.0000000000
0.0000000000
0.0000000000
0.0000000000
0.0000000000
0.0000000000
0.0000000000
0.0000000000
0.0000000000
0.0000000000
0.0000000000
0.0000000000
0.0000000000
0.0000000000
0.0000000000
0.0000000000
0.0000000000
0.0000000000
0.0000000000
0.0000000000
0.0000000000
0.0000000000
0.0000000000
0.0000000000
0.0000000000
0.0000000000
0.0000000000
0.0000000000
0.0000000000
0.0000000000
0.0000000000
0.0000000000
0.0000000000
0.0000000000
0.0000000000
0.0000000000
0.0000000000
0.0000000000
0.0000000000
0.0000000000
0.0000000000
0.0000000000
0.0000000000
0.0000000000
0.0000000000
0.0000000000
0.0000000000
0.0000000000
0.0000000000
0.0000000000
0.0000000000
0.0000000000
0.0000000000
0.0000000000
0.0000000000
0.0000000000
0.0000000000
0.0000000000
0.0000000000
0.0000000000
0.0000000000
0.0000000000
0.0000000000
0.0000000000
0.0000000000
0.0000000000
0.0000000000
0.0000000000
0.0000000000
0.0000000000
0.0000000000
0.0000000000
0.0000000000
0.0000000000
0.0000000000
0.0000000000
0.0000000000
0.0000000000
0.0000000000
0.0000000000
0.0000000000
0.0000000000
0.0000000000
0.0000000000
0.0000000000
0.0000000000
0.0000000000
0.0000000000
0.0000000000
0.0000000000
0.0000000000
0.0000000000
0.0000000000
0.0000000000
0.0000000000
0.0000000000
0.0000000000
0.0000000000
0.0000000000
0.0000000000
0.0000000000
0.0000000000
0.0000000000
0.0000000000
0.0000000000
0.0000000000
0.0000000000
0.0000000000
0.0000000000
0.0000000000
0.0000000000
0.0000000000
0.0000000000
0.0000000000
0.0000000000
0.0000000000
0.0000000000
0.0000000000
0.0000000000
0.0000000000
0.0000000000
0.0000000000
0.0000000000
0.0000000000
0.0000000000
0.0000000000
0.0000000000
0.0000000000
0.0000000000
0.0000000000
0.0000000000
0.0000000000
0.0000000000
0.0000000000
0.0000000000
0.0000000000
0.0000000000
0.0000000000
0.0000000000
0.0000000000
0.0000000000
0.0000000000
0.0000000000
0.0000000000
0.0000000000
0.0000000000
0.0000000000
0.0000000000
0.0000000000
0.0000000000
0.0000000000
0.0000000000
0.0000000000
0.0000000000
0.0000000000
0.0000000000
0.0000000000
0.0000000000
0.0000000000
0.0000000000
0.0000000000
0.0000000000
0.0000000000
0.0000000000
0.0000000000
0.0000000000
0.0000000000
0.0000000000
0.0000000000
0.0000000000
0.0000000000
0.0000000000
0.0000000000
0.0000000000
0.0000000000
0.0000000000
0.0000000000
0.0000000000
0.0000000000
0.0000000000
0.0000000000
0.0000000000
0.0000000000
0.0000000000
0.0000000000
0.0000000000
0.0000000000
0.0000000000
0.0000000000
0.0000000000
0.0000000000
0.0000000000
0.0000000000
0.0000000000
0.0000000000
0.0000000000
0.0000000000
0.0000000000
0.0000000000
0.0000000000
0.0000000000
0.0000000000
0.0000000000
0.0000000000
0.0000000000
0.0000000000
0.0000000000
0.0000000000
0.0000000000
0.0000000000
0.0000000000
0.0000000000
0.0000000000
0.0000000000
0.0000000000
0.0000000000
0.0000000000
0.0000000000
0.0000000000
0.0000000000
0.0000000000
0.0000000000
0.0000000000
0.0000000000
0.0000000000
0.0000000000
0.0000000000
0.0000000000
0.0000000000
0.0000000000
0.0000000000
0.0000000000
0.0000000000
0.0000000000
0.0000000000
0.0000000000
0.0000000000
0.0000000000
0.0000000000
0.0000000000
0.0000000000
0.0000000000
0.0000000000
0.0000000000
0.0000000000
0.0000000000
0.0000000000
0.0000000000
0.0000000000
0.0000000000
0.0000000000
0.0000000000
0.0000000000
0.0000000000
0.0000000000
0.0000000000
0.0000000000
0.0000000000
0.0000000000
0.0000000000
0.0000000000
0.0000000000
0.0000000000
0.0000000000
0.0000000000
0.0000000000
0.0000000000
0.0000000000
0.0000000000
0.0000000000
0.0000000000
0.0000000000
0.0000000000
0.0000000000
0.0000000000
0.0000000000
0.0000000000
0.0000000000
0.0000000000
0.0000000000
0.0000000000
0.0000000000
0.0000000000
0.0000000000
0.0000000000
0.0000000000
0.0000000000
0.0000000000
0.0000000000
0.0000000000
0.0000000000
0.0000000000
0.0000000000
0.0000000000
0.0000000000
0.0000000000
0.0000000000
0.0000000000
0.0000000000
0.0000000000
0.0000000000
0.0000000000
0.0000000000
0.0000000000
0.0000000000
0.0000000000
0.0000000000
0.0000000000
0.0000000000
0.0000000000
0.0000000000
0.0000000000
0.0000000000
0.0000000000
0.0000000000
0.0000000000
0.0000000000
0.0000000000
0.0000000000
0.0000000000
0.0000000000
0.0000000000
0.0000000000
0.0000000000
0.0000000000
0.0000000000
0.0000000000
0.0000000000
0.0000000000
0.0000000000
0.0000000000
0.0000000000
0.0000000000
0.0000000000
0.0000000000
0.0000000000
0.0000000000
0.0000000000
0.0000000000
0.0000000000
0.0000000000
0.0000000000
0.0000000000
0.0000000000
0.0000000000
0.0000000000
0.0000000000
0.0000000000
0.0000000000
0.0000000000
0.0000000000
0.0000000000
0.0000000000
0.0000000000
0.0000000000
0.0000000000
0.0000000000
0.0000000000
0.0000000000
0.0000000000
0.0000000000
0.0000000000
0.0000000000
0.0000000000
0.0000000000
0.0000000000
0.0000000000
0.0000000000
0.0000000000
0.0000000000
0.0000000000
0.0000000000
0.0000000000
0.0000000000
0.0000000000
0.0000000000
0.0000000000
0.0000000000
0.0000000000
0.0000000000
0.0000000000
0.0000000000
0.0000000000
0.0000000000
0.0000000000
0.0000000000
0.0000000000
0.0000000000
0.0000000000
0.0000000000
0.0000000000
0.0000000000
0.0000000000
0.0000000000
-0.0000000000
-0.0000000000
-0.0000000000
-0.0000000000
-0.0000000000
-0.0000000000
-0.0000000000
-0.0000000000
-0.0000000000
-0.0000000000
-0.0000000000
-0.0000000000
-0.0000000000
-0.0000000000
-0.0000000000
-0.0000000000
-0.0000000000
-0.0000000000
-0.0000000000
-0.0000000000
-0.0000000000
-0.0000000000
-0.0000000000
-0.0000000000
-0.0000000000
-0.0000000000
-0.0000000000
-0.0000000000
-0.0000000000
-0.0000000000
-0.0000000000
-0.0000000000
-0.0000000000
-0.0000000000
-0.0000000000
-0.0000000000
-0.0000000000
-0.0000000000
-0.0000000000
-0.0000000000
-0.0000000000
-0.0000000000
-0.0000000000
-0.0000000000
-0.0000000000
-0.0000000000
-0.0000000000
-0.0000000000
-0.0000000000
-0.0000000000
-0.0000000000
-0.0000000000
-0.0000000000
-0.0000000000
-0.0000000000
-0.0000000000
-0.0000000000
-0.0000000000
-0.0000000000
-0.0000000000
-0.0000000000
-0.0000000000
-0.0000000000
-0.0000000000
-0.0000000000
-0.0000000000
-0.0000000000
-0.0000000000
-0.0000000000
-0.0000000000
-0.0000000000
-0.0000000000
-0.0000000000
-0.0000000000
-0.0000000000
-0.0000000000
-0.0000000000
-0.0000000000
-0.0000000000
-0.0000000000
-0.0000000000
-0.0000000000
-0.0000000000
-0.0000000000
-0.0000000000
-0.0000000000
-0.0000000000
-0.0000000000
-0.0000000000
-0.0000000000
-0.0000000000
-0.0000000000
-0.0000000000
-0.0000000000
-0.0000000000
-0.0000000000
-0.0000000000
-0.0000000000
-0.0000000000
-0.0000000000
-0.0000000000
-0.0000000000
-0.0000000000
-0.0000000000
-0.0000000000
-0.0000000000
-0.0000000000
-0.0000000000
-0.0000000000
-0.0000000000
-0.0000000000
-0.0000000000
-0.0000000000
-0.0000000000
-0.0000000000
-0.0000000000
-0.0000000000
-0.0000000000
-0.0000000000
-0.0000000000
-0.0000000000
-0.0000000000
-0.0000000000
-0.0000000000
-0.0000000000
-0.0000000000
-0.0000000000
-0.0000000000
-0.0000000000
-0.0000000000
-0.0000000000
-0.0000000000
-0.0000000000
-0.0000000000
-0.0000000000
-0.0000000000
-0.0000000000
-0.0000000000
-0.0000000000
-0.0000000000
-0.0000000000
-0.0000000000
-0.0000000000
-0.0000000000
-0.0000000000
-0.0000000000
-0.0000000000
-0.0000000000
-0.0000000000
-0.0000000000
-0.0000000000
-0.0000000000
-0.0000000000
-0.0000000000
-0.0000000000
-0.0000000000
-0.0000000000
-0.0000000000
-0.0000000000
-0.0000000000
-0.0000000000
-0.0000000000
-0.0000000000
-0.0000000000
-0.0000000000
-0.0000000000
-0.0000000000
-0.0000000000
-0.0000000000
-0.0000000000
-0.0000000000
-0.0000000000
-0.0000000000
-0.0000000000
-0.0000000000
-0.0000000000
-0.0000000000
-0.0000000000
-0.0000000000
-0.0000000000
-0.0000000000
-0.0000000000
-0.0000000000
-0.0000000000
-0.0000000000
-0.0000000000
-0.0000000000
-0.0000000000
-0.0000000000
-0.0000000000
-0.0000000000
-0.0000000000
-0.0000000000
-0.0000000000
-0.0000000000
-0.0000000000
-0.0000000000
-0.0000000000
-0.0000000000
-0.0000000000
-0.0000000000
-0.0000000000
-0.0000000000
-0.0000000000
-0.0000000000
-0.0000000000
-0.0000000000
-0.0000000000
-0.0000000000
-0.0000000000
-0.0000000000
-0.0000000000
-0.0000000000
-0.0000000000
-0.0000000000
-0.0000000000
-0.0000000000
-0.0000000000
-0.0000000000
-0.0000000000
-0.0000000000
-0.0000000000
-0.0000000000
-0.0000000000
-0.0000000000
-0.0000000000
-0.0000000000
-0.0000000000
-0.0000000000
-0.0000000000
-0.0000000000
-0.0000000000
-0.0000000000
-0.0000000000
-0.0000000000
-0.0000000000
-0.0000000000
-0.0000000000
-0.0000000000
-0.0000000000
-0.0000000000
-0.0000000000
-0.0000000000
-0.0000000000
-0.0000000000
-0.0000000000
-0.0000000000
-0.0000000000
-0.0000000000
-0.0000000000
-0.0000000000
-0.0000000000
-0.0000000000
-0.0000000000
-0.0000000000
-0.0000000000
-0.0000000000
-0.0000000000
-0.0000000000
-0.0000000000
-0.0000000000
-0.0000000000
-0.0000000000
-0.0000000000
-0.0000000000
-0.0000000000
-0.0000000000
-0.0000000000
-0.0000000000
-0.0000000000
-0.0000000000
-0.0000000000
-0.0000000000
-0.0000000000
-0.0000000000
-0.0000000000
-0.0000000000
-0.0000000000
-0.0000000000
-0.0000000000
-0.0000000000
-0.0000000000
-0.0000000000
-0.0000000000
-0.0000000000
-0.0000000000
-0.0000000000
-0.0000000000
-0.0000000000
-0.0000000000
-0.0000000000
-0.0000000000
-0.0000000000
-0.0000000000
-0.0000000000
-0.0000000000
-0.0000000000
-0.0000000000
-0.0000000000
-0.0000000000
-0.0000000000
-0.0000000000
-0.0000000000
-0.0000000000
-0.0000000000
-0.0000000000
-0.0000000000
-0.0000000000
-0.0000000000
-0.0000000000
-0.0000000000
-0.0000000000
-0.0000000000
-0.0000000000
-0.0000000000
-0.0000000000
-0.0000000000
-0.0000000000
-0.0000000000
-0.0000000000
-0.0000000000
-0.0000000000
-0.0000000000
-0.0000000000
-0.0000000000
-0.0000000000
-0.0000000000
-0.0000000000
-0.0000000000
-0.0000000000
-0.0000000000
-0.0000000000
-0.0000000000
-0.0000000000
-0.0000000000
-0.0000000000
-0.0000000000
-0.0000000000
-0.0000000000
-0.0000000000
-0.0000000000
-0.0000000000
-0.0000000000
-0.0000000000
-0.0000000000
-0.0000000000
-0.0000000000
-0.0000000000
-0.0000000000
-0.0000000000
-0.0000000000
-0.0000000000
-0.0000000000
-0.0000000000
-0.0000000000
-0.0000000000
-0.0000000000
-0.0000000000
-0.0000000000
-0.0000000000
-0.0000000000
-0.0000000000
-0.0000000000
-0.0000000000
-0.0000000000
-0.0000000000
-0.0000000000
-0.0000000000
-0.0000000000
-0.0000000000
-0.0000000000
-0.0000000000
-0.0000000000
-0.0000000000
-0.0000000000
-0.0000000000
-0.0000000000
-0.0000000000
-0.0000000000
-0.0000000000
-0.0000000000
-0.0000000000
-0.0000000000
-0.0000000000
-0.0000000000
-0.0000000000
-0.0000000000
-0.0000000000
-0.0000000000
-0.0000000000
-0.0000000000
-0.0000000000
-0.0000000000
-0.0000000000
-0.0000000000
-0.0000000000
-0.0000000000
-0.0000000000
-0.0000000000
-0.0000000000
-0.0000000000
-0.0000000000
-0.0000000000
-0.0000000000
-0.0000000000
-0.0000000000
-0.0000000000
-0.0000000000
-0.0000000000
-0.0000000000
-0.0000000000
-0.0000000000
-0.0000000000
-0.0000000000
-0.0000000000
-0.0000000000
-0.0000000000
-0.0000000000
-0.0000000000
-0.0000000000
-0.0000000000
-0.0000000000
-0.0000000000
-0.0000000000
-0.0000000000
-0.0000000000
-0.0000000000
-0.0000000000
-0.0000000000
-0.0000000000
-0.0000000000
-0.0000000000
-0.0000000000
-0.0000000000
-0.0000000000
-0.0000000000
-0.0000000000
-0.0000000000
-0.0000000000
-0.0000000000
-0.0000000000
-0.0000000000
-0.0000000000
-0.0000000000
-0.0000000000
-0.0000000000
-0.0000000000
-0.0000000000
-0.0000000000
-0.0000000000
-0.0000000000
-0.0000000000
-0.0000000000
-0.0000000000
-0.0000000000
-0.0000000000
-0.0000000000
-0.0000000000
-0.0000000000
-0.0000000000
-0.0000000000
-0.0000000000
-0.0000000000
-0.0000000000
-0.0000000000
-0.0000000000
-0.0000000000
-0.0000000000
-0.0000000000
-0.0000000000
-0.0000000000
-0.0000000000
-0.0000000000
-0.0000000000
-0.0000000000
-0.0000000000
-0.0000000000
-0.0000000000
-0.0000000000
-0.0000000000
-0.0000000000
-0.0000000000
-0.0000000000
-0.0000000000
-0.0000000000
-0.0000000000
-0.0000000000
-0.0000000000
-0.0000000000
-0.0000000000
-0.0000000000
-0.0000000000
-0.0000000000
-0.0000000000
-0.0000000000
-0.0000000000
-0.0000000000
-0.0000000000
-0.0000000000
-0.0000000000
-0.0000000000
-0.0000000000
-0.0000000000
-0.0000000000
-0.0000000000
-0.0000000000
-0.0000000000
-0.0000000000
-0.0000000000
-0.0000000000
-0.0000000000
-0.0000000000
-0.0000000000
-0.0000000000
-0.0000000000
-0.0000000000
-0.0000000000
-0.0000000000
-0.0000000000
-0.0000000000
-0.0000000000
-0.0000000000
-0.0000000000
-0.0000000000
-0.0000000000
-0.0000000000
-0.0000000000
-0.0000000000
-0.0000000000
-0.0000000000
-0.0000000000
-0.0000000000
-0.0000000000
-0.0000000000
-0.0000000000
-0.0000000000
-0.0000000000
-0.0000000000
-0.0000000000
-0.0000000000
-0.0000000000
-0.0000000000
-0.0000000000
-0.0000000000
-0.0000000000
-0.0000000000
-0.0000000000
-0.0000000000
-0.0000000000
-0.0000000000
-0.0000000000
-0.0000000000
-0.0000000000
-0.0000000000
-0.0000000000
-0.0000000000
-0.0000000000
-0.0000000000
-0.0000000000
-0.0000000000
-0.0000000000
-0.0000000000
-0.0000000000
-0.0000000000
-0.0000000000
-0.0000000000
-0.0000000000
-0.0000000000
-0.0000000000
-0.0000000000
-0.0000000000
-0.0000000000
-0.0000000000
-0.0000000000
-0.0000000000
-0.0000000000
-0.0000000000
-0.0000000000
-0.0000000000
-0.0000000000
-0.0000000000
-0.0000000000
-0.0000000000
-0.0000000000
-0.0000000000
-0.0000000000
