   0.00000
  -0.00000
  -0.00000
  -0.00001
  -0.00001
  -0.00001
  -0.00001
  -0.00002
  -0.00002
  -0.00002
  -0.00002
  -0.00002
  -0.00003
  -0.00003
  -0.00003
  -0.00003
  -0.00003
  -0.00004
  -0.00004
  -0.00004
  -0.00004
  -0.00005
  -0.00005
  -0.00005
  -0.00005
  -0.00005
  -0.00006
  -0.00006
  -0.00006
  -0.00006
  -0.00006
  -0.00007
  -0.00007
  -0.00007
  -0.00007
  -0.00008
  -0.00008
  -0.00008
  -0.00008
  -0.00008
  -0.00009
  -0.00009
  -0.00009
  -0.00009
  -0.00009
  -0.00010
  -0.00010
  -0.00010
  -0.00010
  -0.00011
  -0.00011
  -0.00011
  -0.00011
  -0.00012
  -0.00012
  -0.00012
  -0.00012
  -0.00012
  -0.00013
  -0.00013
  -0.00013
  -0.00013
  -0.00013
  -0.00014
  -0.00014
  -0.00014
  -0.00014
  -0.00014
  -0.00014
  -0.00015
  -0.00015
  -0.00015
  -0.00015
  -0.00016
  -0.00016
  -0.00016
  -0.00016
  -0.00017
  -0.00017
  -0.00018
  -0.00018
  -0.00018
  -0.00019
  -0.00019
  -0.00020
  -0.00020
  -0.00021
  -0.00021
  -0.00022
  -0.00022
  -0.00023
  -0.00023
  -0.00023
  -0.00024
  -0.00024
  -0.00025
  -0.00025
  -0.00025
  -0.00026
  -0.00026
  -0.00027
  -0.00027
  -0.00027
  -0.00028
  -0.00028
  -0.00029
  -0.00030
  -0.00030
  -0.00031
  -0.00031
  -0.00032
  -0.00033
  -0.00033
  -0.00034
  -0.00035
  -0.00035
  -0.00036
  -0.00037
  -0.00037
  -0.00038
  -0.00039
  -0.00039
  -0.00040
  -0.00040
  -0.00041
  -0.00041
  -0.00042
  -0.00042
  -0.00042
  -0.00043
  -0.00043
  -0.00044
  -0.00044
  -0.00044
  -0.00045
  -0.00045
  -0.00046
  -0.00046
  -0.00047
  -0.00047
  -0.00048
  -0.00048
  -0.00049
  -0.00050
  -0.00050
  -0.00051
  -0.00052
  -0.00052
  -0.00053
  -0.00054
  -0.00055
  -0.00055
  -0.00056
  -0.00057
  -0.00058
  -0.00059
  -0.00060
  -0.00061
  -0.00062
  -0.00063
  -0.00063
  -0.00064
  -0.00065
  -0.00066
  -0.00067
  -0.00068
  -0.00068
  -0.00069
  -0.00070
  -0.00070
  -0.00071
  -0.00072
  -0.00072
  -0.00073
  -0.00073
  -0.00074
  -0.00075
  -0.00075
  -0.00076
  -0.00077
  -0.00077
  -0.00078
  -0.00079
  -0.00080
  -0.00081
  -0.00082
  -0.00083
  -0.00084
  -0.00085
  -0.00086
  -0.00088
  -0.00089
  -0.00090
  -0.00091
  -0.00092
  -0.00093
  -0.00094
  -0.00095
  -0.00096
  -0.00097
  -0.00098
  -0.00099
  -0.00100
  -0.00101
  -0.00101
  -0.00102
  -0.00103
  -0.00104
  -0.00105
  -0.00105
  -0.00106
  -0.00107
  -0.00108
  -0.00109
  -0.00110
  -0.00111
  -0.00112
  -0.00113
  -0.00115
  -0.00116
  -0.00117
  -0.00118
  -0.00119
  -0.00120
  -0.00121
  -0.00122
  -0.00123
  -0.00124
  -0.00125
  -0.00126
  -0.00127
  -0.00128
  -0.00129
  -0.00130
  -0.00131
  -0.00131
  -0.00132
  -0.00133
  -0.00134
  -0.00135
  -0.00136
  -0.00136
  -0.00137
  -0.00138
  -0.00139
  -0.00140
  -0.00141
  -0.00142
  -0.00143
  -0.00145
  -0.00146
  -0.00147
  -0.00148
  -0.00149
  -0.00150
  -0.00151
  -0.00152
  -0.00154
  -0.00155
  -0.00156
  -0.00157
  -0.00158
  -0.00159
  -0.00160
  -0.00161
  -0.00162
  -0.00163
  -0.00165
  -0.00166
  -0.00167
  -0.00168
  -0.00169
  -0.00170
  -0.00171
  -0.00172
  -0.00173
  -0.00174
  -0.00175
  -0.00176
  -0.00177
  -0.00178
  -0.00179
  -0.00181
  -0.00182
  -0.00183
  -0.00184
  -0.00185
  -0.00186
  -0.00187
  -0.00188
  -0.00189
  -0.00191
  -0.00192
  -0.00193
  -0.00194
  -0.00195
  -0.00196
  -0.00197
  -0.00198
  -0.00199
  -0.00200
  -0.00201
  -0.00202
  -0.00203
  -0.00204
  -0.00205
  -0.00206
  -0.00207
  -0.00208
  -0.00209
  -0.00209
  -0.00210
  -0.00211
  -0.00212
  -0.00213
  -0.00214
  -0.00214
  -0.00215
  -0.00216
  -0.00217
  -0.00218
  -0.00219
  -0.00220
  -0.00221
  -0.00221
  -0.00222
  -0.00223
  -0.00224
  -0.00225
  -0.00226
  -0.00227
  -0.00227
  -0.00228
  -0.00229
  -0.00230
  -0.00231
  -0.00231
  -0.00232
  -0.00233
  -0.00233
  -0.00234
  -0.00235
  -0.00235
  -0.00236
  -0.00236
  -0.00237
  -0.00238
  -0.00238
  -0.00239
  -0.00239
  -0.00240
  -0.00240
  -0.00241
  -0.00241
  -0.00242
  -0.00242
  -0.00243
  -0.00243
  -0.00244
  -0.00244
  -0.00244
  -0.00245
  -0.00245
  -0.00245
  -0.00245
  -0.00245
  -0.00246
  -0.00246
  -0.00246
  -0.00246
  -0.00246
  -0.00246
  -0.00246
  -0.00245
  -0.00245
  -0.00245
  -0.00245
  -0.00245
  -0.00245
  -0.00245
  -0.00245
  -0.00245
  -0.00245
  -0.00244
  -0.00244
  -0.00244
  -0.00244
  -0.00244
  -0.00243
  -0.00243
  -0.00243
  -0.00242
  -0.00242
  -0.00242
  -0.00241
  -0.00241
  -0.00240
  -0.00240
  -0.00239
  -0.00239
  -0.00238
  -0.00237
  -0.00237
  -0.00236
  -0.00235
  -0.00234
  -0.00234
  -0.00233
  -0.00232
  -0.00231
  -0.00230
  -0.00229
  -0.00228
  -0.00227
  -0.00227
  -0.00225
  -0.00224
  -0.00223
  -0.00222
  -0.00221
  -0.00220
  -0.00219
  -0.00217
  -0.00216
  -0.00214
  -0.00213
  -0.00212
  -0.00210
  -0.00208
  -0.00207
  -0.00205
  -0.00203
  -0.00202
  -0.00200
  -0.00198
  -0.00196
  -0.00194
  -0.00192
  -0.00190
  -0.00188
  -0.00186
  -0.00184
  -0.00182
  -0.00180
  -0.00177
  -0.00175
  -0.00173
  -0.00170
  -0.00168
  -0.00165
  -0.00163
  -0.00160
  -0.00158
  -0.00155
  -0.00152
  -0.00149
  -0.00146
  -0.00143
  -0.00140
  -0.00137
  -0.00134
  -0.00130
  -0.00127
  -0.00124
  -0.00120
  -0.00117
  -0.00113
  -0.00110
  -0.00106
  -0.00103
  -0.00099
  -0.00096
  -0.00092
  -0.00088
  -0.00085
  -0.00081
  -0.00077
  -0.00073
  -0.00069
  -0.00065
  -0.00061
  -0.00057
  -0.00053
  -0.00049
  -0.00044
  -0.00040
  -0.00035
  -0.00031
  -0.00026
  -0.00021
  -0.00016
  -0.00011
  -0.00006
  -0.00001
   0.00004
   0.00009
   0.00014
   0.00020
   0.00025
   0.00031
   0.00036
   0.00042
   0.00047
   0.00053
   0.00059
   0.00065
   0.00071
   0.00077
   0.00083
   0.00089
   0.00095
   0.00102
   0.00108
   0.00115
   0.00122
   0.00129
   0.00136
   0.00143
   0.00150
   0.00157
   0.00165
   0.00172
   0.00180
   0.00187
   0.00195
   0.00203
   0.00211
   0.00219
   0.00227
   0.00235
   0.00243
   0.00252
   0.00260
   0.00268
   0.00277
   0.00285
   0.00293
   0.00302
   0.00311
   0.00320
   0.00328
   0.00337
   0.00346
   0.00356
   0.00365
   0.00374
   0.00384
   0.00393
   0.00403
   0.00413
   0.00423
   0.00433
   0.00443
   0.00453
   0.00463
   0.00474
   0.00484
   0.00495
   0.00506
   0.00517
   0.00528
   0.00539
   0.00550
   0.00562
   0.00573
   0.00585
   0.00597
   0.00609
   0.00621
   0.00633
   0.00645
   0.00657
   0.00670
   0.00682
   0.00695
   0.00707
   0.00720
   0.00733
   0.00746
   0.00759
   0.00773
   0.00786
   0.00800
   0.00813
   0.00827
   0.00841
   0.00855
   0.00869
   0.00884
   0.00898
   0.00913
   0.00928
   0.00942
   0.00958
   0.00973
   0.00988
   0.01003
   0.01019
   0.01035
   0.01050
   0.01066
   0.01082
   0.01098
   0.01114
   0.01131
   0.01147
   0.01164
   0.01180
   0.01197
   0.01214
   0.01230
   0.01247
   0.01265
   0.01282
   0.01299
   0.01317
   0.01335
   0.01352
   0.01371
   0.01389
   0.01407
   0.01426
   0.01445
   0.01464
   0.01483
   0.01502
   0.01522
   0.01541
   0.01561
   0.01581
   0.01601
   0.01621
   0.01641
   0.01662
   0.01682
   0.01703
   0.01724
   0.01744
   0.01765
   0.01787
   0.01808
   0.01829
   0.01851
   0.01872
   0.01894
   0.01916
   0.01938
   0.01960
   0.01982
   0.02005
   0.02027
   0.02050
   0.02073
   0.02096
   0.02120
   0.02143
   0.02167
   0.02191
   0.02215
   0.02239
   0.02263
   0.02288
   0.02312
   0.02337
   0.02362
   0.02387
   0.02413
   0.02438
   0.02464
   0.02490
   0.02516
   0.02542
   0.02569
   0.02595
   0.02622
   0.02649
   0.02676
   0.02703
   0.02731
   0.02758
   0.02786
   0.02814
   0.02842
   0.02870
   0.02898
   0.02927
   0.02955
   0.02984
   0.03013
   0.03042
   0.03071
   0.03100
   0.03130
   0.03160
   0.03190
   0.03220
   0.03250
   0.03280
   0.03311
   0.03342
   0.03373
   0.03404
   0.03435
   0.03467
   0.03499
   0.03530
   0.03563
   0.03595
   0.03627
   0.03660
   0.03692
   0.03725
   0.03758
   0.03791
   0.03825
   0.03858
   0.03892
   0.03926
   0.03960
   0.03994
   0.04029
   0.04063
   0.04098
   0.04133
   0.04168
   0.04203
   0.04239
   0.04275
   0.04311
   0.04347
   0.04383
   0.04419
   0.04456
   0.04493
   0.04530
   0.04567
   0.04605
   0.04642
   0.04680
   0.04718
   0.04756
   0.04795
   0.04833
   0.04872
   0.04911
   0.04950
   0.04989
   0.05029
   0.05069
   0.05108
   0.05148
   0.05189
   0.05229
   0.05270
   0.05310
   0.05351
   0.05392
   0.05433
   0.05474
   0.05516
   0.05558
   0.05599
   0.05641
   0.05683
   0.05726
   0.05768
   0.05811
   0.05854
   0.05897
   0.05941
   0.05984
   0.06028
   0.06072
   0.06117
   0.06161
   0.06206
   0.06251
   0.06296
   0.06341
   0.06387
   0.06432
   0.06478
   0.06524
   0.06570
   0.06616
   0.06663
   0.06709
   0.06756
   0.06803
   0.06850
   0.06897
   0.06944
   0.06991
   0.07039
   0.07087
   0.07134
   0.07183
   0.07231
   0.07279
   0.07328
   0.07377
   0.07426
   0.07475
   0.07525
   0.07574
   0.07624
   0.07674
   0.07725
   0.07775
   0.07826
   0.07877
   0.07928
   0.07980
   0.08031
   0.08083
   0.08135
   0.08187
   0.08240
   0.08292
   0.08345
   0.08398
   0.08451
   0.08504
   0.08558
   0.08611
   0.08665
   0.08719
   0.08773
   0.08827
   0.08882
   0.08936
   0.08991
   0.09046
   0.09101
   0.09156
   0.09211
   0.09267
   0.09322
   0.09378
   0.09434
   0.09490
   0.09546
   0.09602
   0.09659
   0.09716
   0.09773
   0.09830
   0.09887
   0.09944
   0.10002
   0.10060
   0.10118
   0.10176
   0.10234
   0.10293
   0.10351
   0.10410
   0.10469
   0.10528
   0.10588
   0.10647
   0.10707
   0.10767
   0.10827
   0.10887
   0.10948
   0.11009
   0.11069
   0.11130
   0.11191
   0.11253
   0.11314
   0.11376
   0.11437
   0.11499
   0.11561
   0.11623
   0.11686
   0.11748
   0.11811
   0.11873
   0.11936
   0.11999
   0.12062
   0.12125
   0.12189
   0.12252
   0.12316
   0.12380
   0.12443
   0.12508
   0.12572
   0.12636
   0.12701
   0.12765
   0.12830
   0.12895
   0.12960
   0.13026
   0.13091
   0.13157
   0.13222
   0.13288
   0.13354
   0.13420
   0.13486
   0.13552
   0.13619
   0.13685
   0.13752
   0.13819
   0.13886
   0.13953
   0.14020
   0.14087
   0.14155
   0.14222
   0.14290
   0.14358
   0.14426
   0.14494
   0.14562
   0.14631
   0.14699
   0.14768
   0.14837
   0.14906
   0.14975
   0.15044
   0.15113
   0.15182
   0.15252
   0.15322
   0.15391
   0.15461
   0.15531
   0.15601
   0.15671
   0.15742
   0.15812
   0.15882
   0.15953
   0.16024
   0.16094
   0.16165
   0.16236
   0.16307
   0.16378
   0.16449
   0.16521
   0.16592
   0.16664
   0.16735
   0.16807
   0.16879
   0.16950
   0.17022
   0.17094
   0.17166
   0.17239
   0.17311
   0.17383
   0.17456
   0.17528
   0.17601
   0.17674
   0.17747
   0.17820
   0.17893
   0.17966
   0.18040
   0.18113
   0.18187
   0.18260
   0.18334
   0.18408
   0.18482
   0.18556
   0.18630
   0.18704
   0.18778
   0.18852
   0.18926
   0.19000
   0.19074
   0.19149
   0.19223
   0.19297
   0.19372
   0.19446
   0.19521
   0.19595
   0.19670
   0.19745
   0.19819
   0.19894
   0.19969
   0.20044
   0.20119
   0.20194
   0.20269
   0.20344
   0.20419
   0.20495
   0.20570
   0.20646
   0.20721
   0.20797
   0.20872
   0.20948
   0.21023
   0.21099
   0.21175
   0.21250
   0.21326
   0.21402
   0.21478
   0.21553
   0.21629
   0.21705
   0.21781
   0.21857
   0.21933
   0.22009
   0.22085
   0.22160
   0.22236
   0.22312
   0.22389
   0.22465
   0.22541
   0.22617
   0.22693
   0.22769
   0.22845
   0.22921
   0.22997
   0.23073
   0.23150
   0.23226
   0.23302
   0.23378
   0.23454
   0.23530
   0.23606
   0.23682
   0.23758
   0.23833
   0.23909
   0.23985
   0.24061
   0.24137
   0.24213
   0.24288
   0.24364
   0.24440
   0.24516
   0.24592
   0.24668
   0.24744
   0.24820
   0.24896
   0.24972
   0.25047
   0.25123
   0.25199
   0.25275
   0.25351
   0.25427
   0.25503
   0.25579
   0.25654
   0.25730
   0.25806
   0.25881
   0.25957
   0.26032
   0.26108
   0.26183
   0.26258
   0.26334
   0.26409
   0.26484
   0.26559
   0.26634
   0.26709
   0.26784
   0.26859
   0.26934
   0.27009
   0.27084
   0.27158
   0.27233
   0.27308
   0.27383
   0.27457
   0.27532
   0.27606
   0.27681
   0.27755
   0.27830
   0.27904
   0.27978
   0.28052
   0.28126
   0.28201
   0.28275
   0.28348
   0.28422
   0.28496
   0.28570
   0.28643
   0.28717
   0.28790
   0.28864
   0.28937
   0.29010
   0.29083
   0.29156
   0.29229
   0.29302
   0.29374
   0.29447
   0.29519
   0.29592
   0.29664
   0.29736
   0.29808
   0.29880
   0.29952
   0.30024
   0.30096
   0.30167
   0.30239
   0.30310
   0.30381
   0.30453
   0.30524
   0.30595
   0.30666
   0.30737
   0.30807
   0.30878
   0.30948
   0.31019
   0.31089
   0.31160
   0.31230
   0.31300
   0.31370
   0.31440
   0.31509
   0.31579
   0.31649
   0.31718
   0.31787
   0.31856
   0.31925
   0.31994
   0.32063
   0.32132
   0.32200
   0.32268
   0.32337
   0.32405
   0.32473
   0.32540
   0.32608
   0.32675
   0.32743
   0.32810
   0.32877
   0.32944
   0.33010
   0.33077
   0.33144
   0.33210
   0.33276
   0.33342
   0.33408
   0.33474
   0.33540
   0.33606
   0.33672
   0.33737
   0.33802
   0.33868
   0.33933
   0.33998
   0.34062
   0.34127
   0.34192
   0.34256
   0.34320
   0.34384
   0.34448
   0.34512
   0.34575
   0.34639
   0.34702
   0.34765
   0.34828
   0.34891
   0.34953
   0.35016
   0.35078
   0.35140
   0.35202
   0.35264
   0.35326
   0.35387
   0.35449
   0.35510
   0.35571
   0.35632
   0.35692
   0.35753
   0.35813
   0.35873
   0.35933
   0.35993
   0.36053
   0.36112
   0.36172
   0.36231
   0.36290
   0.36349
   0.36407
   0.36466
   0.36524
   0.36582
   0.36640
   0.36698
   0.36755
   0.36813
   0.36870
   0.36927
   0.36984
   0.37040
   0.37097
   0.37153
   0.37209
   0.37265
   0.37321
   0.37376
   0.37432
   0.37487
   0.37542
   0.37597
   0.37651
   0.37706
   0.37760
   0.37814
   0.37868
   0.37922
   0.37975
   0.38029
   0.38082
   0.38135
   0.38188
   0.38241
   0.38293
   0.38346
   0.38398
   0.38450
   0.38502
   0.38553
   0.38605
   0.38656
   0.38707
   0.38758
   0.38809
   0.38860
   0.38910
   0.38960
   0.39010
   0.39060
   0.39110
   0.39159
   0.39208
   0.39258
   0.39306
   0.39355
   0.39404
   0.39452
   0.39500
   0.39548
   0.39595
   0.39643
   0.39690
   0.39737
   0.39784
   0.39831
   0.39877
   0.39924
   0.39970
   0.40016
   0.40061
   0.40107
   0.40152
   0.40197
   0.40242
   0.40287
   0.40332
   0.40376
   0.40420
   0.40464
   0.40508
   0.40552
   0.40595
   0.40638
   0.40682
   0.40724
   0.40767
   0.40810
   0.40852
   0.40894
   0.40936
   0.40978
   0.41019
   0.41061
   0.41102
   0.41143
   0.41184
   0.41224
   0.41265
   0.41305
   0.41345
   0.41385
   0.41425
   0.41464
   0.41503
   0.41542
   0.41581
   0.41620
   0.41658
   0.41697
   0.41735
   0.41772
   0.41810
   0.41848
   0.41885
   0.41922
   0.41959
   0.41995
   0.42032
   0.42068
   0.42104
   0.42140
   0.42175
   0.42211
   0.42246
   0.42281
   0.42316
   0.42351
   0.42385
   0.42420
   0.42454
   0.42488
   0.42521
   0.42555
   0.42589
   0.42622
   0.42655
   0.42688
   0.42721
   0.42753
   0.42786
   0.42818
   0.42850
   0.42882
   0.42914
   0.42946
   0.42977
   0.43008
   0.43039
   0.43070
   0.43100
   0.43131
   0.43161
   0.43191
   0.43221
   0.43250
   0.43280
   0.43309
   0.43338
   0.43367
   0.43396
   0.43424
   0.43452
   0.43480
   0.43508
   0.43536
   0.43563
   0.43591
   0.43618
   0.43645
   0.43672
   0.43698
   0.43725
   0.43751
   0.43777
   0.43803
   0.43829
   0.43855
   0.43880
   0.43906
   0.43931
   0.43956
   0.43981
   0.44006
   0.44031
   0.44056
   0.44080
   0.44104
   0.44129
   0.44152
   0.44176
   0.44200
   0.44223
   0.44246
   0.44269
   0.44292
   0.44314
   0.44336
   0.44358
   0.44380
   0.44402
   0.44423
   0.44445
   0.44466
   0.44487
   0.44507
   0.44528
   0.44549
   0.44569
   0.44589
   0.44610
   0.44630
   0.44649
   0.44669
   0.44689
   0.44708
   0.44728
   0.44747
   0.44766
   0.44785
   0.44804
   0.44822
   0.44841
   0.44859
   0.44877
   0.44895
   0.44913
   0.44930
   0.44948
   0.44965
   0.44982
   0.44999
   0.45016
   0.45032
   0.45049
   0.45065
   0.45082
   0.45098
   0.45114
   0.45130
   0.45146
   0.45162
   0.45178
   0.45193
   0.45209
   0.45224
   0.45239
   0.45254
   0.45269
   0.45284
   0.45299
   0.45313
   0.45327
   0.45342
   0.45355
   0.45369
   0.45383
   0.45396
   0.45409
   0.45422
   0.45435
   0.45448
   0.45461
   0.45473
   0.45486
   0.45498
   0.45510
   0.45522
   0.45534
   0.45546
   0.45558
   0.45570
   0.45582
   0.45593
   0.45605
   0.45617
   0.45628
   0.45639
   0.45651
   0.45662
   0.45673
   0.45684
   0.45694
   0.45705
   0.45715
   0.45726
   0.45736
   0.45746
   0.45756
   0.45765
   0.45775
   0.45784
   0.45794
   0.45803
   0.45812
   0.45821
   0.45830
   0.45838
   0.45847
   0.45855
   0.45864
   0.45872
   0.45880
   0.45888
   0.45896
   0.45904
   0.45912
   0.45919
   0.45927
   0.45934
   0.45942
   0.45949
   0.45956
   0.45963
   0.45970
   0.45977
   0.45984
   0.45991
   0.45998
   0.46004
   0.46011
   0.46017
   0.46024
   0.46030
   0.46036
   0.46042
   0.46048
   0.46054
   0.46060
   0.46066
   0.46071
   0.46077
   0.46082
   0.46088
   0.46093
   0.46098
   0.46103
   0.46108
   0.46113
   0.46118
   0.46123
   0.46127
   0.46132
   0.46137
   0.46141
   0.46145
   0.46150
   0.46154
   0.46158
   0.46162
   0.46166
   0.46170
   0.46174
   0.46178
   0.46182
   0.46186
   0.46189
   0.46193
   0.46196
   0.46200
   0.46203
   0.46207
   0.46210
   0.46213
   0.46216
   0.46220
   0.46223
   0.46226
   0.46229
   0.46231
   0.46234
   0.46237
   0.46239
   0.46242
   0.46244
   0.46246
   0.46249
   0.46251
   0.46253
   0.46254
   0.46256
   0.46258
   0.46260
   0.46261
   0.46263
   0.46264
   0.46266
   0.46267
   0.46269
   0.46270
   0.46271
   0.46273
   0.46274
   0.46275
   0.46277
   0.46278
   0.46279
   0.46280
   0.46281
   0.46283
   0.46284
   0.46285
   0.46286
   0.46286
   0.46287
   0.46288
   0.46289
   0.46289
   0.46290
   0.46290
   0.46291
   0.46291
   0.46291
   0.46292
   0.46292
   0.46292
   0.46292
   0.46292
   0.46292
   0.46292
   0.46292
   0.46292
   0.46291
   0.46291
   0.46291
   0.46291
   0.46290
   0.46290
   0.46289
   0.46289
   0.46288
   0.46288
   0.46287
   0.46287
   0.46286
   0.46285
   0.46285
   0.46284
   0.46283
   0.46282
   0.46282
   0.46281
   0.46280
   0.46279
   0.46278
   0.46277
   0.46276
   0.46275
   0.46274
   0.46273
   0.46272
   0.46271
   0.46270
   0.46269
   0.46268
   0.46267
   0.46266
   0.46265
   0.46264
   0.46263
   0.46261
   0.46260
   0.46259
   0.46257
   0.46256
   0.46255
   0.46253
   0.46252
   0.46250
   0.46248
   0.46247
   0.46245
   0.46243
   0.46241
   0.46240
   0.46238
   0.46236
   0.46234
   0.46232
   0.46230
   0.46228
   0.46227
   0.46225
   0.46223
   0.46221
   0.46219
   0.46217
   0.46215
   0.46213
   0.46211
   0.46209
   0.46207
   0.46205
   0.46203
   0.46201
   0.46199
   0.46197
   0.46195
   0.46192
   0.46190
   0.46188
   0.46186
   0.46184
   0.46181
   0.46179
   0.46177
   0.46174
   0.46172
   0.46170
   0.46167
   0.46165
   0.46162
   0.46159
   0.46157
   0.46154
   0.46152
   0.46149
   0.46146
   0.46144
   0.46141
   0.46138
   0.46135
   0.46133
   0.46130
   0.46128
   0.46125
   0.46122
   0.46120
   0.46117
   0.46115
   0.46112
   0.46110
   0.46107
   0.46105
   0.46103
   0.46100
   0.46098
   0.46095
   0.46092
   0.46090
   0.46087
   0.46084
   0.46082
   0.46079
   0.46076
   0.46073
   0.46070
   0.46067
   0.46064
   0.46060
   0.46057
   0.46054
   0.46051
   0.46048
   0.46044
   0.46041
   0.46038
   0.46035
   0.46032
   0.46029
   0.46026
   0.46023
   0.46020
   0.46017
   0.46014
   0.46011
   0.46008
   0.46005
   0.46002
   0.45999
   0.45996
   0.45993
   0.45991
   0.45988
   0.45984
   0.45981
   0.45978
   0.45975
   0.45972
   0.45969
   0.45966
   0.45963
   0.45960
   0.45957
   0.45954
   0.45950
   0.45947
   0.45944
   0.45941
   0.45938
   0.45935
   0.45932
   0.45928
   0.45925
   0.45922
   0.45919
   0.45916
   0.45912
   0.45909
   0.45906
   0.45903
   0.45899
   0.45896
   0.45893
   0.45890
   0.45886
   0.45883
   0.45879
   0.45876
   0.45873
   0.45869
   0.45866
   0.45862
   0.45859
   0.45855
   0.45852
   0.45848
   0.45845
   0.45841
   0.45838
   0.45834
   0.45831
   0.45827
   0.45824
   0.45820
   0.45817
   0.45813
   0.45809
   0.45806
   0.45802
   0.45799
   0.45795
   0.45792
   0.45788
   0.45785
   0.45782
   0.45778
   0.45775
   0.45771
   0.45768
   0.45765
   0.45761
   0.45758
   0.45754
   0.45751
   0.45747
   0.45744
   0.45741
   0.45737
   0.45734
   0.45730
   0.45727
   0.45723
   0.45720
   0.45716
   0.45713
   0.45709
   0.45706
   0.45702
   0.45699
   0.45695
   0.45691
   0.45688
   0.45684
   0.45681
   0.45677
   0.45673
   0.45670
   0.45666
   0.45662
   0.45659
   0.45655
   0.45651
   0.45648
   0.45644
   0.45640
   0.45637
   0.45633
   0.45630
   0.45626
   0.45622
   0.45619
   0.45615
   0.45612
   0.45608
   0.45604
   0.45601
   0.45597
   0.45593
   0.45590
   0.45586
   0.45582
   0.45579
   0.45575
   0.45571
   0.45567
   0.45564
   0.45560
   0.45556
   0.45552
   0.45548
   0.45544
   0.45540
   0.45537
   0.45533
   0.45529
   0.45525
   0.45521
   0.45517
   0.45513
   0.45509
   0.45505
   0.45501
   0.45497
   0.45493
   0.45489
   0.45485
   0.45481
   0.45477
   0.45473
   0.45469
   0.45465
   0.45461
   0.45457
   0.45453
   0.45449
   0.45445
   0.45441
   0.45437
   0.45433
   0.45429
   0.45425
   0.45421
   0.45417
   0.45412
   0.45408
   0.45404
   0.45400
   0.45396
   0.45392
   0.45388
   0.45384
   0.45380
   0.45376
   0.45372
   0.45368
   0.45364
   0.45360
   0.45356
   0.45351
   0.45347
   0.45343
   0.45339
   0.45335
   0.45331
   0.45327
   0.45322
   0.45318
   0.45314
   0.45309
   0.45305
   0.45301
   0.45296
   0.45292
   0.45288
   0.45283
   0.45279
   0.45275
   0.45270
   0.45266
   0.45262
   0.45257
   0.45253
   0.45249
   0.45244
   0.45240
   0.45236
   0.45231
   0.45227
   0.45222
   0.45218
   0.45213
   0.45209
   0.45204
   0.45200
   0.45195
   0.45190
   0.45186
   0.45181
   0.45176
   0.45172
   0.45167
   0.45162
   0.45157
   0.45152
   0.45148
   0.45143
   0.45138
   0.45133
   0.45128
   0.45124
   0.45119
   0.45114
   0.45109
   0.45105
   0.45100
   0.45095
   0.45090
   0.45086
   0.45081
   0.45076
   0.45072
   0.45067
   0.45062
   0.45057
   0.45053
   0.45048
   0.45043
   0.45039
   0.45034
   0.45029
   0.45024
   0.45020
   0.45015
   0.45010
   0.45005
   0.45001
   0.44996
   0.44991
   0.44986
   0.44981
   0.44977
   0.44972
   0.44967
   0.44962
   0.44957
   0.44952
   0.44947
   0.44942
   0.44937
   0.44932
   0.44927
   0.44922
   0.44917
   0.44912
   0.44907
   0.44901
   0.44896
   0.44891
   0.44886
   0.44881
   0.44875
   0.44870
   0.44865
   0.44860
   0.44855
   0.44849
   0.44844
   0.44839
   0.44834
   0.44829
   0.44824
   0.44819
   0.44813
   0.44808
   0.44803
   0.44798
   0.44793
   0.44788
   0.44783
   0.44777
   0.44772
   0.44767
   0.44762
   0.44756
   0.44751
   0.44745
   0.44740
   0.44734
   0.44729
   0.44723
   0.44717
   0.44712
   0.44706
   0.44700
   0.44695
   0.44689
   0.44683
   0.44677
   0.44672
   0.44666
   0.44660
   0.44655
   0.44649
   0.44644
   0.44638
   0.44632
   0.44627
   0.44621
   0.44616
   0.44610
   0.44604
   0.44599
   0.44593
   0.44587
   0.44582
   0.44576
   0.44570
   0.44564
   0.44559
   0.44553
   0.44547
   0.44541
   0.44535
   0.44530
   0.44524
   0.44518
   0.44512
   0.44506
   0.44500
   0.44494
   0.44488
   0.44482
   0.44476
   0.44470
   0.44464
   0.44457
   0.44451
   0.44445
   0.44439
   0.44433
   0.44427
   0.44421
   0.44415
   0.44409
   0.44403
   0.44397
   0.44391
   0.44385
   0.44379
   0.44373
   0.44367
   0.44361
   0.44355
   0.44349
   0.44342
   0.44336
   0.44330
   0.44324
   0.44318
   0.44312
   0.44305
   0.44299
   0.44293
   0.44287
   0.44280
   0.44274
   0.44268
   0.44261
   0.44255
   0.44249
   0.44242
   0.44236
   0.44230
   0.44224
   0.44217
   0.44211
   0.44205
   0.44199
   0.44193
   0.44187
   0.44181
   0.44175
   0.44169
   0.44163
   0.44156
   0.44150
   0.44144
   0.44138
   0.44131
   0.44125
   0.44118
   0.44112
   0.44105
   0.44098
   0.44091
   0.44085
   0.44078
   0.44071
   0.44064
   0.44057
   0.44051
   0.44044
   0.44037
   0.44030
   0.44024
   0.44017
   0.44011
   0.44004
   0.43998
   0.43991
   0.43985
   0.43978
   0.43972
   0.43965
   0.43959
   0.43953
   0.43946
   0.43939
   0.43933
   0.43926
   0.43919
   0.43913
   0.43906
   0.43899
   0.43892
   0.43885
   0.43878
   0.43871
   0.43864
   0.43857
   0.43850
   0.43843
   0.43836
   0.43829
   0.43822
   0.43815
   0.43808
   0.43801
   0.43794
   0.43787
   0.43781
   0.43774
   0.43767
   0.43760
   0.43753
   0.43747
   0.43740
   0.43733
   0.43726
   0.43719
   0.43713
   0.43706
   0.43699
   0.43692
   0.43685
   0.43678
   0.43672
   0.43665
   0.43658
   0.43651
   0.43644
   0.43637
   0.43630
   0.43622
   0.43615
   0.43608
   0.43601
   0.43593
   0.43586
   0.43579
   0.43571
   0.43564
   0.43556
   0.43549
   0.43542
   0.43534
   0.43527
   0.43519
   0.43512
   0.43505
   0.43497
   0.43490
   0.43483
   0.43475
   0.43468
   0.43461
   0.43454
   0.43447
   0.43440
   0.43433
   0.43425
   0.43418
   0.43411
   0.43404
   0.43397
   0.43390
   0.43383
   0.43375
   0.43368
   0.43361
   0.43354
   0.43346
   0.43339
   0.43332
   0.43325
   0.43317
   0.43310
   0.43303
   0.43295
   0.43288
   0.43281
   0.43273
   0.43266
   0.43258
   0.43251
   0.43244
   0.43236
   0.43229
   0.43221
   0.43214
   0.43207
   0.43199
   0.43192
   0.43184
   0.43177
   0.43170
   0.43162
   0.43155
   0.43147
   0.43140
   0.43133
   0.43125
   0.43118
   0.43110
   0.43103
   0.43095
   0.43088
   0.43080
   0.43072
   0.43065
   0.43057
   0.43049
   0.43042
   0.43034
   0.43026
   0.43018
   0.43010
   0.43002
   0.42995
   0.42987
   0.42979
   0.42971
   0.42963
   0.42955
   0.42947
   0.42940
   0.42932
   0.42924
   0.42917
   0.42909
   0.42901
   0.42894
   0.42886
   0.42878
   0.42871
   0.42863
   0.42856
   0.42848
   0.42841
   0.42833
   0.42826
   0.42818
   0.42810
   0.42803
   0.42795
   0.42788
   0.42780
   0.42772
   0.42764
   0.42757
   0.42749
   0.42741
   0.42733
   0.42726
   0.42718
   0.42710
   0.42702
   0.42694
   0.42686
   0.42678
   0.42670
   0.42662
   0.42654
   0.42646
   0.42638
   0.42629
   0.42621
   0.42613
   0.42605
   0.42597
   0.42589
   0.42581
   0.42573
   0.42565
   0.42557
   0.42549
   0.42541
   0.42533
   0.42525
   0.42518
   0.42510
   0.42502
   0.42494
   0.42486
   0.42478
   0.42470
   0.42462
   0.42454
   0.42446
   0.42438
   0.42430
   0.42422
   0.42414
   0.42406
   0.42398
   0.42390
   0.42382
   0.42374
   0.42366
   0.42357
   0.42349
   0.42341
   0.42333
   0.42325
   0.42317
   0.42309
   0.42300
   0.42292
   0.42284
   0.42276
   0.42268
   0.42259
   0.42251
   0.42243
   0.42235
   0.42227
   0.42219
   0.42211
   0.42203
   0.42195
   0.42186
   0.42178
   0.42170
   0.42162
   0.42154
   0.42146
   0.42138
   0.42130
   0.42122
   0.42114
   0.42106
   0.42098
   0.42090
   0.42082
   0.42074
   0.42066
   0.42058
   0.42050
   0.42042
   0.42033
   0.42025
   0.42017
   0.42009
   0.42001
   0.41992
   0.41984
   0.41976
   0.41967
   0.41959
   0.41950
   0.41942
   0.41933
   0.41925
   0.41916
   0.41908
   0.41899
   0.41891
   0.41882
   0.41874
   0.41865
   0.41857
   0.41848
   0.41840
   0.41831
   0.41823
   0.41815
   0.41806
   0.41798
   0.41789
   0.41781
   0.41773
   0.41764
   0.41756
   0.41748
   0.41739
   0.41731
   0.41723
   0.41714
   0.41706
   0.41697
   0.41689
   0.41680
   0.41672
   0.41663
   0.41655
   0.41646
   0.41638
   0.41629
   0.41621
   0.41612
   0.41604
   0.41595
   0.41587
   0.41578
   0.41569
   0.41561
   0.41552
   0.41544
   0.41535
   0.41526
   0.41518
   0.41509
   0.41501
   0.41492
   0.41483
   0.41475
   0.41466
   0.41458
   0.41449
   0.41440
   0.41432
   0.41423
   0.41415
   0.41406
   0.41397
   0.41389
   0.41380
   0.41372
   0.41363
   0.41354
   0.41346
   0.41337
   0.41329
   0.41320
   0.41311
   0.41303
   0.41294
   0.41285
   0.41276
   0.41268
   0.41259
   0.41250
   0.41242
   0.41233
   0.41224
   0.41215
   0.41207
   0.41198
   0.41189
   0.41180
   0.41171
   0.41163
   0.41154
   0.41145
   0.41136
   0.41127
   0.41119
   0.41110
   0.41101
   0.41092
   0.41083
   0.41074
   0.41065
   0.41057
   0.41048
   0.41039
   0.41030
   0.41021
   0.41012
   0.41003
   0.40994
   0.40985
   0.40976
   0.40967
   0.40958
   0.40949
   0.40940
   0.40931
   0.40922
   0.40913
   0.40904
   0.40895
   0.40886
   0.40877
   0.40868
   0.40859
   0.40850
   0.40841
   0.40832
   0.40823
   0.40814
   0.40805
   0.40796
   0.40787
   0.40778
   0.40769
   0.40760
   0.40751
   0.40742
   0.40733
   0.40724
   0.40715
   0.40706
   0.40697
   0.40687
   0.40678
   0.40669
   0.40660
   0.40651
   0.40642
   0.40633
   0.40623
   0.40614
   0.40605
   0.40596
   0.40586
   0.40577
   0.40568
   0.40559
   0.40549
   0.40540
   0.40531
   0.40521
   0.40512
   0.40503
   0.40493
   0.40484
   0.40474
   0.40465
   0.40456
   0.40446
   0.40437
   0.40428
   0.40418
   0.40409
   0.40399
   0.40390
   0.40381
   0.40371
   0.40362
   0.40352
   0.40343
   0.40334
   0.40324
   0.40315
   0.40305
   0.40296
   0.40286
   0.40277
   0.40267
   0.40258
   0.40248
   0.40238
   0.40229
   0.40219
   0.40210
   0.40200
   0.40190
   0.40181
   0.40171
   0.40161
   0.40152
   0.40142
   0.40132
   0.40122
   0.40113
   0.40103
   0.40093
   0.40083
   0.40073
   0.40063
   0.40054
   0.40044
   0.40034
   0.40024
   0.40014
   0.40004
   0.39994
   0.39984
   0.39974
   0.39964
   0.39954
   0.39944
   0.39934
   0.39924
   0.39914
   0.39904
   0.39894
   0.39884
   0.39874
   0.39864
   0.39854
   0.39844
   0.39834
   0.39824
   0.39814
   0.39804
   0.39794
   0.39784
   0.39773
   0.39763
   0.39753
   0.39742
   0.39732
   0.39722
   0.39711
   0.39701
   0.39691
   0.39680
   0.39670
   0.39659
   0.39649
   0.39639
   0.39628
   0.39618
   0.39607
   0.39597
   0.39587
   0.39576
   0.39566
   0.39556
   0.39545
   0.39535
   0.39525
   0.39514
   0.39504
   0.39494
   0.39483
   0.39473
   0.39462
   0.39452
   0.39441
   0.39431
   0.39420
   0.39409
   0.39399
   0.39388
   0.39377
   0.39367
   0.39356
   0.39346
   0.39335
   0.39324
   0.39314
   0.39303
   0.39293
   0.39282
   0.39272
   0.39261
   0.39251
   0.39240
   0.39230
   0.39219
   0.39208
   0.39198
   0.39187
   0.39177
   0.39166
   0.39155
   0.39144
   0.39133
   0.39123
   0.39112
   0.39101
   0.39090
   0.39079
   0.39068
   0.39057
   0.39045
   0.39034
   0.39023
   0.39012
   0.39001
   0.38990
   0.38979
   0.38967
   0.38956
   0.38945
   0.38934
   0.38923
   0.38911
   0.38900
   0.38889
   0.38878
   0.38866
   0.38855
   0.38844
   0.38832
   0.38821
   0.38810
   0.38798
   0.38787
   0.38776
   0.38764
   0.38753
   0.38741
   0.38730
   0.38718
   0.38707
   0.38695
   0.38684
   0.38672
   0.38661
   0.38649
   0.38638
   0.38626
   0.38615
   0.38603
   0.38592
   0.38580
   0.38569
   0.38557
   0.38545
   0.38534
   0.38522
   0.38511
   0.38499
   0.38487
   0.38476
   0.38464
   0.38452
   0.38440
   0.38429
   0.38417
   0.38405
   0.38393
   0.38381
   0.38369
   0.38357
   0.38345
   0.38333
   0.38321
   0.38309
   0.38297
   0.38285
   0.38273
   0.38261
   0.38249
   0.38237
   0.38225
   0.38213
   0.38201
   0.38188
   0.38176
   0.38164
   0.38152
   0.38140
   0.38128
   0.38115
   0.38103
   0.38091
   0.38079
   0.38066
   0.38054
   0.38042
   0.38030
   0.38017
   0.38005
   0.37992
   0.37980
   0.37968
   0.37955
   0.37943
   0.37930
   0.37918
   0.37905
   0.37893
   0.37880
   0.37868
   0.37855
   0.37842
   0.37830
   0.37817
   0.37804
   0.37792
   0.37779
   0.37766
   0.37753
   0.37741
   0.37728
   0.37715
   0.37702
   0.37689
   0.37676
   0.37663
   0.37650
   0.37637
   0.37624
   0.37611
   0.37598
   0.37585
   0.37572
   0.37559
   0.37546
   0.37533
   0.37519
   0.37506
   0.37493
   0.37480
   0.37467
   0.37453
   0.37440
   0.37427
   0.37414
   0.37400
   0.37387
   0.37374
   0.37361
   0.37347
   0.37334
   0.37321
   0.37308
   0.37294
   0.37281
   0.37268
   0.37255
   0.37241
   0.37228
   0.37215
   0.37201
   0.37188
   0.37175
   0.37161
   0.37148
   0.37134
   0.37120
   0.37107
   0.37093
   0.37079
   0.37065
   0.37052
   0.37038
   0.37024
   0.37010
   0.36996
   0.36982
   0.36968
   0.36954
   0.36940
   0.36926
   0.36912
   0.36898
   0.36884
   0.36870
   0.36856
   0.36842
   0.36828
   0.36814
   0.36800
   0.36786
   0.36772
   0.36758
   0.36744
   0.36730
   0.36716
   0.36702
   0.36688
   0.36674
   0.36659
   0.36645
   0.36631
   0.36617
   0.36603
   0.36589
   0.36574
   0.36560
   0.36546
   0.36531
   0.36517
   0.36503
   0.36488
   0.36474
   0.36459
   0.36445
   0.36430
   0.36416
   0.36401
   0.36387
   0.36372
   0.36357
   0.36343
   0.36328
   0.36314
   0.36299
   0.36284
   0.36270
   0.36255
   0.36241
   0.36226
   0.36212
   0.36197
   0.36183
   0.36168
   0.36153
   0.36139
   0.36124
   0.36109
   0.36095
   0.36080
   0.36065
   0.36050
   0.36035
   0.36020
   0.36005
   0.35989
   0.35974
   0.35959
   0.35943
   0.35928
   0.35912
   0.35897
   0.35882
   0.35866
   0.35851
   0.35835
   0.35820
   0.35805
   0.35789
   0.35774
   0.35759
   0.35743
   0.35728
   0.35713
   0.35698
   0.35682
   0.35667
   0.35652
   0.35636
   0.35621
   0.35606
   0.35590
   0.35575
   0.35559
   0.35543
   0.35528
   0.35512
   0.35496
   0.35480
   0.35465
   0.35449
   0.35433
   0.35417
   0.35401
   0.35385
   0.35370
   0.35354
   0.35338
   0.35322
   0.35306
   0.35290
   0.35274
   0.35258
   0.35242
   0.35226
   0.35210
   0.35194
   0.35178
   0.35162
   0.35146
   0.35130
   0.35114
   0.35098
   0.35081
   0.35065
   0.35049
   0.35032
   0.35016
   0.34999
   0.34983
   0.34967
   0.34950
   0.34934
   0.34917
   0.34901
   0.34884
   0.34868
   0.34851
   0.34835
   0.34818
   0.34802
   0.34786
   0.34769
   0.34753
   0.34736
   0.34720
   0.34704
   0.34687
   0.34671
   0.34654
   0.34638
   0.34621
   0.34605
   0.34588
   0.34571
   0.34555
   0.34538
   0.34521
   0.34504
   0.34488
   0.34471
   0.34454
   0.34437
   0.34420
   0.34403
   0.34386
   0.34369
   0.34351
   0.34334
   0.34317
   0.34300
   0.34283
   0.34265
   0.34248
   0.34231
   0.34213
   0.34196
   0.34179
   0.34161
   0.34144
   0.34127
   0.34109
   0.34092
   0.34074
   0.34057
   0.34039
   0.34022
   0.34004
   0.33987
   0.33969
   0.33952
   0.33934
   0.33917
   0.33899
   0.33882
   0.33864
   0.33846
   0.33829
   0.33811
   0.33793
   0.33776
   0.33758
   0.33740
   0.33723
   0.33705
   0.33687
   0.33669
   0.33651
   0.33634
   0.33616
   0.33598
   0.33580
   0.33562
   0.33545
   0.33527
   0.33509
   0.33491
   0.33473
   0.33456
   0.33438
   0.33420
   0.33402
   0.33384
   0.33366
   0.33348
   0.33330
   0.33312
   0.33295
   0.33277
   0.33259
   0.33241
   0.33222
   0.33204
   0.33186
   0.33168
   0.33150
   0.33132
   0.33114
   0.33095
   0.33077
   0.33059
   0.33040
   0.33022
   0.33003
   0.32985
   0.32966
   0.32947
   0.32929
   0.32910
   0.32891
   0.32873
   0.32854
   0.32835
   0.32816
   0.32797
   0.32778
   0.32760
   0.32741
   0.32722
   0.32703
   0.32684
   0.32665
   0.32647
   0.32628
   0.32609
   0.32590
   0.32571
   0.32552
   0.32533
   0.32515
   0.32496
   0.32477
   0.32458
   0.32439
   0.32420
   0.32401
   0.32382
   0.32363
   0.32344
   0.32325
   0.32306
   0.32287
   0.32267
   0.32248
   0.32229
   0.32209
   0.32190
   0.32170
   0.32151
   0.32131
   0.32112
   0.32092
   0.32072
   0.32053
   0.32033
   0.32013
   0.31993
   0.31973
   0.31954
   0.31934
   0.31914
   0.31894
   0.31875
   0.31855
   0.31835
   0.31816
   0.31796
   0.31776
   0.31757
   0.31737
   0.31718
   0.31698
   0.31678
   0.31659
   0.31639
   0.31620
   0.31600
   0.31580
   0.31560
   0.31541
   0.31521
   0.31501
   0.31481
   0.31461
   0.31441
   0.31421
   0.31401
   0.31381
   0.31360
   0.31340
   0.31320
   0.31300
   0.31280
   0.31259
   0.31239
   0.31219
   0.31199
   0.31178
   0.31158
   0.31138
   0.31117
   0.31097
   0.31076
   0.31056
   0.31035
   0.31015
   0.30994
   0.30974
   0.30953
   0.30933
   0.30912
   0.30892
   0.30871
   0.30850
   0.30830
   0.30809
   0.30788
   0.30767
   0.30747
   0.30726
   0.30705
   0.30684
   0.30663
   0.30643
   0.30622
   0.30601
   0.30580
   0.30559
   0.30538
   0.30517
   0.30496
   0.30475
   0.30454
   0.30433
   0.30412
   0.30391
   0.30370
   0.30349
   0.30328
   0.30307
   0.30286
   0.30265
   0.30244
   0.30223
   0.30202
   0.30181
   0.30160
   0.30138
   0.30117
   0.30096
   0.30075
   0.30054
   0.30032
   0.30011
   0.29990
   0.29968
   0.29947
   0.29925
   0.29904
   0.29882
   0.29861
   0.29839
   0.29817
   0.29796
   0.29774
   0.29752
   0.29731
   0.29709
   0.29687
   0.29665
   0.29643
   0.29621
   0.29599
   0.29577
   0.29555
   0.29533
   0.29511
   0.29489
   0.29467
   0.29445
   0.29423
   0.29401
   0.29379
   0.29356
   0.29334
   0.29312
   0.29290
   0.29268
   0.29246
   0.29223
   0.29201
   0.29179
   0.29157
   0.29134
   0.29112
   0.29090
   0.29067
   0.29045
   0.29022
   0.29000
   0.28978
   0.28955
   0.28932
   0.28910
   0.28887
   0.28864
   0.28842
   0.28819
   0.28796
   0.28773
   0.28751
   0.28728
   0.28705
   0.28682
   0.28659
   0.28636
   0.28613
   0.28591
   0.28568
   0.28545
   0.28522
   0.28499
   0.28476
   0.28453
   0.28430
   0.28407
   0.28383
   0.28360
   0.28337
   0.28314
   0.28290
   0.28267
   0.28243
   0.28220
   0.28196
   0.28173
   0.28149
   0.28125
   0.28102
   0.28078
   0.28054
   0.28031
   0.28007
   0.27983
   0.27960
   0.27936
   0.27912
   0.27888
   0.27865
   0.27841
   0.27817
   0.27794
   0.27770
   0.27746
   0.27722
   0.27698
   0.27674
   0.27650
   0.27626
   0.27602
   0.27578
   0.27554
   0.27530
   0.27506
   0.27482
   0.27457
   0.27433
   0.27409
   0.27384
   0.27360
   0.27335
   0.27311
   0.27286
   0.27262
   0.27237
   0.27212
   0.27188
   0.27163
   0.27138
   0.27114
   0.27089
   0.27064
   0.27039
   0.27014
   0.26989
   0.26964
   0.26939
   0.26914
   0.26889
   0.26864
   0.26838
   0.26813
   0.26788
   0.26762
   0.26737
   0.26712
   0.26686
   0.26661
   0.26635
   0.26610
   0.26584
   0.26559
   0.26533
   0.26507
   0.26482
   0.26456
   0.26430
   0.26405
   0.26379
   0.26353
   0.26327
   0.26302
   0.26276
   0.26250
   0.26224
   0.26198
   0.26172
   0.26146
   0.26120
   0.26093
   0.26067
   0.26041
   0.26015
   0.25988
   0.25962
   0.25935
   0.25909
   0.25882
   0.25856
   0.25829
   0.25802
   0.25776
   0.25749
   0.25722
   0.25695
   0.25669
   0.25642
   0.25615
   0.25588
   0.25561
   0.25534
   0.25507
   0.25480
   0.25453
   0.25426
   0.25399
   0.25372
   0.25345
   0.25318
   0.25290
   0.25263
   0.25236
   0.25209
   0.25181
   0.25154
   0.25126
   0.25099
   0.25071
   0.25043
   0.25016
   0.24988
   0.24960
   0.24932
   0.24904
   0.24876
   0.24848
   0.24820
   0.24792
   0.24763
   0.24735
   0.24707
   0.24678
   0.24650
   0.24621
   0.24593
   0.24564
   0.24535
   0.24506
   0.24478
   0.24449
   0.24420
   0.24391
   0.24362
   0.24333
   0.24304
   0.24275
   0.24246
   0.24216
   0.24187
   0.24158
   0.24129
   0.24099
   0.24070
   0.24041
   0.24011
   0.23982
   0.23952
   0.23923
   0.23893
   0.23864
   0.23834
   0.23804
   0.23775
   0.23745
   0.23715
   0.23685
   0.23655
   0.23626
   0.23596
   0.23565
   0.23535
   0.23505
   0.23475
   0.23445
   0.23414
   0.23384
   0.23353
   0.23323
   0.23292
   0.23261
   0.23231
   0.23200
   0.23169
   0.23138
   0.23107
   0.23076
   0.23045
   0.23014
   0.22983
   0.22951
   0.22920
   0.22889
   0.22858
   0.22826
   0.22795
   0.22763
   0.22732
   0.22700
   0.22668
   0.22637
   0.22605
   0.22573
   0.22541
   0.22510
   0.22478
   0.22446
   0.22414
   0.22382
   0.22349
   0.22317
   0.22285
   0.22253
   0.22220
   0.22188
   0.22155
   0.22123
   0.22090
   0.22057
   0.22024
   0.21992
   0.21959
   0.21926
   0.21893
   0.21860
   0.21826
   0.21793
   0.21760
   0.21727
   0.21694
   0.21660
   0.21627
   0.21594
   0.21560
   0.21527
   0.21494
   0.21460
   0.21427
   0.21393
   0.21360
   0.21326
   0.21293
   0.21259
   0.21225
   0.21191
   0.21157
   0.21123
   0.21089
   0.21055
   0.21021
   0.20986
   0.20952
   0.20917
   0.20882
   0.20847
   0.20813
   0.20778
   0.20743
   0.20707
   0.20672
   0.20637
   0.20602
   0.20567
   0.20531
   0.20496
   0.20461
   0.20425
   0.20390
   0.20354
   0.20319
   0.20283
   0.20247
   0.20212
   0.20176
   0.20140
   0.20104
   0.20068
   0.20032
   0.19996
   0.19960
   0.19924
   0.19888
   0.19852
   0.19816
   0.19779
   0.19743
   0.19707
   0.19670
   0.19634
   0.19597
   0.19560
   0.19524
   0.19487
   0.19450
   0.19413
   0.19376
   0.19339
   0.19302
   0.19265
   0.19228
   0.19191
   0.19154
   0.19117
   0.19079
   0.19042
   0.19005
   0.18967
   0.18930
   0.18892
   0.18855
   0.18817
   0.18780
   0.18742
   0.18704
   0.18667
   0.18629
   0.18591
   0.18553
   0.18515
   0.18477
   0.18439
   0.18401
   0.18363
   0.18325
   0.18286
   0.18248
   0.18209
   0.18171
   0.18132
   0.18094
   0.18055
   0.18016
   0.17977
   0.17938
   0.17900
   0.17861
   0.17822
   0.17783
   0.17744
   0.17705
   0.17666
   0.17627
   0.17588
   0.17548
   0.17509
   0.17470
   0.17431
   0.17392
   0.17352
   0.17313
   0.17273
   0.17234
   0.17194
   0.17155
   0.17115
   0.17075
   0.17036
   0.16996
   0.16956
   0.16916
   0.16876
   0.16836
   0.16796
   0.16756
   0.16716
   0.16675
   0.16635
   0.16595
   0.16554
   0.16514
   0.16473
   0.16433
   0.16392
   0.16352
   0.16311
   0.16270
   0.16230
   0.16189
   0.16148
   0.16108
   0.16067
   0.16026
   0.15985
   0.15945
   0.15904
   0.15863
   0.15823
   0.15782
   0.15741
   0.15701
   0.15660
   0.15619
   0.15578
   0.15537
   0.15496
   0.15455
   0.15414
   0.15373
   0.15332
   0.15291
   0.15249
   0.15208
   0.15166
   0.15125
   0.15083
   0.15041
   0.15000
   0.14958
   0.14916
   0.14874
   0.14832
   0.14790
   0.14748
   0.14706
   0.14664
   0.14622
   0.14580
   0.14538
   0.14496
   0.14454
   0.14412
   0.14370
   0.14328
   0.14287
   0.14245
   0.14203
   0.14161
   0.14119
   0.14077
   0.14036
   0.13994
   0.13952
   0.13911
   0.13869
   0.13827
   0.13786
   0.13744
   0.13703
   0.13661
   0.13619
   0.13577
   0.13536
   0.13494
   0.13452
   0.13410
   0.13368
   0.13325
   0.13283
   0.13241
   0.13198
   0.13156
   0.13114
   0.13071
   0.13029
   0.12986
   0.12944
   0.12901
   0.12859
   0.12816
   0.12774
   0.12732
   0.12689
   0.12647
   0.12605
   0.12563
   0.12521
   0.12479
   0.12437
   0.12394
   0.12352
   0.12310
   0.12268
   0.12226
   0.12184
   0.12142
   0.12100
   0.12058
   0.12016
   0.11973
   0.11931
   0.11889
   0.11847
   0.11805
   0.11763
   0.11720
   0.11678
   0.11636
   0.11594
   0.11552
   0.11510
   0.11468
   0.11426
   0.11384
   0.11342
   0.11299
   0.11257
   0.11216
   0.11174
   0.11132
   0.11090
   0.11048
   0.11006
   0.10964
   0.10923
   0.10881
   0.10839
   0.10797
   0.10756
   0.10714
   0.10673
   0.10631
   0.10590
   0.10548
   0.10507
   0.10465
   0.10424
   0.10382
   0.10341
   0.10300
   0.10258
   0.10217
   0.10176
   0.10135
   0.10093
   0.10052
   0.10011
   0.09970
   0.09929
   0.09888
   0.09847
   0.09806
   0.09765
   0.09724
   0.09683
   0.09642
   0.09601
   0.09561
   0.09520
   0.09479
   0.09439
   0.09398
   0.09358
   0.09318
   0.09277
   0.09237
   0.09197
   0.09156
   0.09116
   0.09076
   0.09036
   0.08996
   0.08956
   0.08916
   0.08876
   0.08836
   0.08796
   0.08756
   0.08716
   0.08676
   0.08637
   0.08597
   0.08557
   0.08518
   0.08478
   0.08439
   0.08400
   0.08360
   0.08321
   0.08282
   0.08243
   0.08204
   0.08165
   0.08126
   0.08087
   0.08048
   0.08009
   0.07971
   0.07932
   0.07893
   0.07855
   0.07816
   0.07778
   0.07739
   0.07701
   0.07663
   0.07624
   0.07586
   0.07548
   0.07510
   0.07472
   0.07434
   0.07396
   0.07359
   0.07321
   0.07284
   0.07246
   0.07209
   0.07172
   0.07135
   0.07098
   0.07061
   0.07024
   0.06987
   0.06950
   0.06914
   0.06877
   0.06841
   0.06804
   0.06768
   0.06732
   0.06695
   0.06659
   0.06623
   0.06587
   0.06551
   0.06514
   0.06478
   0.06442
   0.06407
   0.06371
   0.06335
   0.06299
   0.06264
   0.06228
   0.06193
   0.06157
   0.06122
   0.06087
   0.06052
   0.06017
   0.05982
   0.05947
   0.05912
   0.05878
   0.05843
   0.05809
   0.05775
   0.05741
   0.05706
   0.05673
   0.05639
   0.05605
   0.05571
   0.05538
   0.05504
   0.05471
   0.05438
   0.05405
   0.05371
   0.05339
   0.05306
   0.05273
   0.05240
   0.05208
   0.05175
   0.05143
   0.05110
   0.05078
   0.05046
   0.05014
   0.04981
   0.04950
   0.04918
   0.04886
   0.04854
   0.04823
   0.04791
   0.04760
   0.04728
   0.04697
   0.04666
   0.04635
   0.04604
   0.04573
   0.04542
   0.04511
   0.04481
   0.04450
   0.04420
   0.04390
   0.04360
   0.04330
   0.04300
   0.04270
   0.04241
   0.04211
   0.04182
   0.04153
   0.04124
   0.04095
   0.04066
   0.04037
   0.04008
   0.03980
   0.03952
   0.03923
   0.03895
   0.03867
   0.03839
   0.03811
   0.03783
   0.03755
   0.03727
   0.03699
   0.03672
   0.03644
   0.03617
   0.03589
   0.03562
   0.03535
   0.03508
   0.03480
   0.03454
   0.03427
   0.03400
   0.03373
   0.03347
   0.03321
   0.03295
   0.03268
   0.03242
   0.03217
   0.03191
   0.03165
   0.03140
   0.03115
   0.03089
   0.03064
   0.03039
   0.03014
   0.02990
   0.02965
   0.02941
   0.02916
   0.02892
   0.02868
   0.02844
   0.02820
   0.02796
   0.02772
   0.02749
   0.02725
   0.02702
   0.02678
   0.02655
   0.02632
   0.02609
   0.02586
   0.02563
   0.02540
   0.02517
   0.02495
   0.02472
   0.02450
   0.02428
   0.02405
   0.02383
   0.02361
   0.02340
   0.02318
   0.02297
   0.02275
   0.02254
   0.02233
   0.02212
   0.02191
   0.02171
   0.02150
   0.02130
   0.02110
   0.02089
   0.02069
   0.02049
   0.02030
   0.02010
   0.01990
   0.01971
   0.01951
   0.01932
   0.01912
   0.01893
   0.01874
   0.01855
   0.01836
   0.01817
   0.01798
   0.01780
   0.01761
   0.01743
   0.01724
   0.01706
   0.01688
   0.01670
   0.01653
   0.01635
   0.01617
   0.01600
   0.01583
   0.01565
   0.01548
   0.01531
   0.01515
   0.01498
   0.01481
   0.01465
   0.01448
   0.01432
   0.01416
   0.01399
   0.01383
   0.01367
   0.01351
   0.01336
   0.01320
   0.01304
   0.01289
   0.01273
   0.01258
   0.01243
   0.01228
   0.01213
   0.01198
   0.01183
   0.01168
   0.01154
   0.01139
   0.01125
   0.01111
   0.01097
   0.01083
   0.01069
   0.01055
   0.01041
   0.01027
   0.01014
   0.01000
   0.00987
   0.00973
   0.00960
   0.00947
   0.00933
   0.00920
   0.00907
   0.00894
   0.00882
   0.00869
   0.00856
   0.00844
   0.00831
   0.00819
   0.00807
   0.00795
   0.00783
   0.00771
   0.00759
   0.00747
   0.00736
   0.00724
   0.00713
   0.00701
   0.00690
   0.00679
   0.00668
   0.00657
   0.00646
   0.00636
   0.00625
   0.00614
   0.00604
   0.00594
   0.00583
   0.00573
   0.00563
   0.00553
   0.00543
   0.00533
   0.00523
   0.00513
   0.00503
   0.00494
   0.00484
   0.00475
   0.00466
   0.00456
   0.00447
   0.00438
   0.00429
   0.00420
   0.00412
   0.00403
   0.00394
   0.00386
   0.00377
   0.00369
   0.00361
   0.00352
   0.00344
   0.00336
   0.00328
   0.00320
   0.00312
   0.00304
   0.00296
   0.00289
   0.00281
   0.00274
   0.00266
   0.00259
   0.00251
   0.00244
   0.00237
   0.00230
   0.00223
   0.00216
   0.00209
   0.00202
   0.00195
   0.00188
   0.00182
   0.00175
   0.00169
   0.00162
   0.00156
   0.00150
   0.00143
   0.00137
   0.00131
   0.00125
   0.00119
   0.00113
   0.00107
   0.00102
   0.00096
   0.00090
   0.00085
   0.00079
   0.00074
   0.00069
   0.00064
   0.00058
   0.00053
   0.00049
   0.00044
   0.00039
   0.00035
   0.00030
   0.00026
   0.00022
   0.00017
   0.00013
   0.00009
   0.00005
   0.00001
  -0.00003
  -0.00006
  -0.00010
  -0.00014
  -0.00018
  -0.00022
  -0.00026
  -0.00030
  -0.00033
  -0.00037
  -0.00041
  -0.00045
  -0.00049
  -0.00052
  -0.00056
  -0.00060
  -0.00063
  -0.00067
  -0.00070
  -0.00073
  -0.00077
  -0.00080
  -0.00083
  -0.00086
  -0.00089
  -0.00092
  -0.00095
  -0.00098
  -0.00100
  -0.00103
  -0.00106
  -0.00108
  -0.00111
  -0.00113
  -0.00116
  -0.00119
  -0.00121
  -0.00124
  -0.00126
  -0.00129
  -0.00131
  -0.00134
  -0.00136
  -0.00138
  -0.00141
  -0.00143
  -0.00145
  -0.00148
  -0.00150
  -0.00152
  -0.00154
  -0.00156
  -0.00158
  -0.00160
  -0.00162
  -0.00164
  -0.00166
  -0.00167
  -0.00169
  -0.00171
  -0.00172
  -0.00174
  -0.00176
  -0.00177
  -0.00178
  -0.00180
  -0.00181
  -0.00183
  -0.00184
  -0.00185
  -0.00186
  -0.00187
  -0.00188
  -0.00189
  -0.00191
  -0.00192
  -0.00192
  -0.00193
  -0.00194
  -0.00195
  -0.00196
  -0.00197
  -0.00198
  -0.00198
  -0.00199
  -0.00200
  -0.00201
  -0.00201
  -0.00202
  -0.00203
  -0.00203
  -0.00204
  -0.00204
  -0.00205
  -0.00205
  -0.00206
  -0.00206
  -0.00207
  -0.00207
  -0.00207
  -0.00208
  -0.00208
  -0.00208
  -0.00209
  -0.00209
  -0.00209
  -0.00209
  -0.00209
  -0.00209
  -0.00209
  -0.00209
  -0.00209
  -0.00209
  -0.00209
  -0.00209
  -0.00208
  -0.00208
  -0.00208
  -0.00208
  -0.00207
  -0.00207
  -0.00207
  -0.00207
  -0.00206
  -0.00206
  -0.00206
  -0.00206
  -0.00206
  -0.00205
  -0.00205
  -0.00205
  -0.00205
  -0.00205
  -0.00205
  -0.00204
  -0.00204
  -0.00204
  -0.00204
  -0.00203
  -0.00203
  -0.00203
  -0.00202
  -0.00202
  -0.00201
  -0.00201
  -0.00200
  -0.00199
  -0.00199
  -0.00198
  -0.00197
  -0.00197
  -0.00196
  -0.00195
  -0.00195
  -0.00194
  -0.00193
  -0.00192
  -0.00192
  -0.00191
  -0.00190
  -0.00190
  -0.00189
  -0.00189
  -0.00188
  -0.00187
  -0.00187
  -0.00186
  -0.00185
  -0.00185
  -0.00184
  -0.00183
  -0.00183
  -0.00182
  -0.00181
  -0.00180
  -0.00180
  -0.00179
  -0.00178
  -0.00177
  -0.00176
  -0.00175
  -0.00174
  -0.00173
  -0.00172
  -0.00172
  -0.00171
  -0.00170
  -0.00169
  -0.00168
  -0.00167
  -0.00166
  -0.00165
  -0.00164
  -0.00163
  -0.00163
  -0.00162
  -0.00161
  -0.00160
  -0.00159
  -0.00158
  -0.00158
  -0.00157
  -0.00156
  -0.00155
  -0.00154
  -0.00153
  -0.00153
  -0.00152
  -0.00151
  -0.00150
  -0.00149
  -0.00148
  -0.00148
  -0.00147
  -0.00146
  -0.00145
  -0.00144
  -0.00143
  -0.00142
  -0.00141
  -0.00140
  -0.00138
  -0.00137
  -0.00136
  -0.00135
  -0.00134
  -0.00133
  -0.00132
  -0.00131
  -0.00130
  -0.00129
  -0.00128
  -0.00127
  -0.00126
  -0.00125
  -0.00124
  -0.00123
  -0.00122
  -0.00121
  -0.00120
  -0.00119
  -0.00119
  -0.00118
  -0.00117
  -0.00116
  -0.00115
  -0.00115
  -0.00114
  -0.00113
  -0.00112
  -0.00111
  -0.00110
  -0.00109
  -0.00109
  -0.00108
  -0.00107
  -0.00106
  -0.00105
  -0.00104
  -0.00103
  -0.00102
  -0.00102
  -0.00101
  -0.00100
  -0.00099
  -0.00098
  -0.00097
  -0.00096
  -0.00095
  -0.00095
  -0.00094
  -0.00093
  -0.00092
  -0.00091
  -0.00090
  -0.00089
  -0.00089
  -0.00088
  -0.00087
  -0.00086
  -0.00085
  -0.00084
  -0.00083
  -0.00083
  -0.00082
  -0.00081
  -0.00080
  -0.00079
  -0.00078
  -0.00077
  -0.00077
  -0.00076
  -0.00075
  -0.00074
  -0.00073
  -0.00072
  -0.00071
  -0.00070
  -0.00069
  -0.00068
  -0.00068
  -0.00067
  -0.00066
  -0.00065
  -0.00064
  -0.00063
  -0.00063
  -0.00062
  -0.00061
  -0.00060
  -0.00060
  -0.00059
  -0.00058
  -0.00058
  -0.00057
  -0.00057
  -0.00056
  -0.00055
  -0.00055
  -0.00054
  -0.00053
  -0.00053
  -0.00052
  -0.00051
  -0.00051
  -0.00050
  -0.00049
  -0.00049
  -0.00048
  -0.00047
  -0.00047
  -0.00046
  -0.00045
  -0.00045
  -0.00044
  -0.00044
  -0.00043
  -0.00042
  -0.00042
  -0.00041
  -0.00041
  -0.00041
  -0.00040
  -0.00040
  -0.00039
  -0.00039
  -0.00039
  -0.00038
  -0.00038
  -0.00037
  -0.00037
  -0.00036
  -0.00036
  -0.00035
  -0.00035
  -0.00034
  -0.00034
  -0.00033
  -0.00032
  -0.00032
  -0.00031
  -0.00030
  -0.00030
  -0.00029
  -0.00028
  -0.00028
  -0.00027
  -0.00026
  -0.00026
  -0.00025
  -0.00024
  -0.00024
  -0.00023
  -0.00023
  -0.00022
  -0.00022
  -0.00022
  -0.00021
  -0.00021
  -0.00021
  -0.00020
  -0.00020
  -0.00020
  -0.00019
  -0.00019
  -0.00019
  -0.00019
  -0.00019
  -0.00018
  -0.00018
  -0.00018
  -0.00018
  -0.00018
  -0.00018
  -0.00017
  -0.00017
  -0.00017
  -0.00016
  -0.00016
  -0.00016
  -0.00015
  -0.00015
  -0.00014
  -0.00014
  -0.00014
  -0.00013
  -0.00013
  -0.00012
  -0.00012
  -0.00011
  -0.00011
  -0.00010
  -0.00010
  -0.00010
  -0.00009
  -0.00009
  -0.00009
  -0.00008
  -0.00008
  -0.00008
  -0.00008
  -0.00008
  -0.00007
  -0.00007
  -0.00007
  -0.00007
  -0.00007
  -0.00007
  -0.00006
  -0.00006
  -0.00006
  -0.00006
  -0.00006
  -0.00006
  -0.00005
  -0.00005
  -0.00005
  -0.00005
  -0.00004
  -0.00004
  -0.00004
  -0.00004
  -0.00003
  -0.00003
  -0.00003
  -0.00003
  -0.00002
  -0.00002
  -0.00002
  -0.00002
  -0.00001
  -0.00001
  -0.00001
  -0.00001
  -0.00001
  -0.00000
  -0.00000
  -0.00000
   0.00000
   0.00000
   0.00000
   0.00000
   0.00000
   0.00000
   0.00000
   0.00000
   0.00000
   0.00000
   0.00000
   0.00000
   0.00000
   0.00000
   0.00000
  -0.00000
  -0.00000
  -0.00000
  -0.00000
  -0.00000
  -0.00000
  -0.00000
  -0.00000
  -0.00000
  -0.00000
  -0.00000
  -0.00000
  -0.00000
  -0.00000
  -0.00000
  -0.00000
   0.00000
   0.00000
   0.00000
   0.00000
   0.00000
   0.00000
   0.00000
   0.00000
   0.00000
   0.00000
   0.00000
   0.00000
   0.00000
   0.00000
   0.00000
  -0.00000
  -0.00000
  -0.00000
  -0.00000
  -0.00000
  -0.00000
  -0.00000
  -0.00000
  -0.00000
  -0.00000
  -0.00000
  -0.00000
  -0.00000
  -0.00000
  -0.00000
   0.00000
   0.00000
   0.00000
   0.00000
   0.00000
   0.00000
   0.00000
   0.00000
   0.00000
   0.00000
   0.00000
   0.00000
   0.00000
   0.00000
   0.00000
  -0.00000
  -0.00000
  -0.00000
  -0.00000
  -0.00000
  -0.00000
  -0.00000
  -0.00000
  -0.00000
  -0.00000
  -0.00000
  -0.00000
  -0.00000
  -0.00000
  -0.00000
   0.00000
   0.00000
   0.00000
   0.00000
   0.00000
   0.00000
   0.00000
   0.00000
   0.00000
   0.00000
   0.00000
   0.00000
   0.00000
   0.00000
   0.00000
  -0.00000
  -0.00000
  -0.00000
  -0.00000
  -0.00000
  -0.00000
  -0.00000
  -0.00000
  -0.00000
  -0.00000
  -0.00000
  -0.00000
  -0.00000
  -0.00000
  -0.00000
   0.00000
   0.00000
   0.00000
   0.00000
   0.00000
   0.00000
   0.00000
   0.00000
   0.00000
   0.00000
   0.00000
   0.00000
   0.00000
   0.00000
   0.00000
  -0.00000
  -0.00000
  -0.00000
  -0.00000
  -0.00000
  -0.00000
  -0.00000
  -0.00000
  -0.00000
  -0.00000
  -0.00000
  -0.00000
  -0.00000
  -0.00000
  -0.00000
   0.00000
   0.00000
   0.00000
   0.00000
   0.00000
   0.00000
   0.00000
   0.00000
   0.00000
   0.00000
   0.00000
   0.00000
   0.00000
   0.00000
   0.00000
   0.00000
  -0.00000
  -0.00000
  -0.00000
  -0.00000
  -0.00000
  -0.00000
  -0.00000
  -0.00000
  -0.00000
  -0.00000
  -0.00000
  -0.00000
  -0.00000
  -0.00000
  -0.00000
   0.00000
   0.00000
   0.00000
   0.00000
   0.00000
   0.00000
   0.00000
   0.00000
   0.00000
   0.00000
   0.00000
   0.00000
   0.00000
   0.00000
   0.00000
  -0.00000
  -0.00000
  -0.00000
  -0.00000
  -0.00000
  -0.00000
  -0.00000
  -0.00000
  -0.00000
  -0.00000
  -0.00000
  -0.00000
  -0.00000
  -0.00000
  -0.00000
   0.00000
   0.00000
   0.00000
   0.00000
   0.00000
   0.00000
   0.00000
   0.00000
   0.00000
   0.00000
   0.00000
   0.00000
   0.00000
   0.00000
   0.00000
  -0.00000
  -0.00000
  -0.00000
  -0.00000
  -0.00000
  -0.00000
  -0.00000
  -0.00000
  -0.00000
  -0.00000
  -0.00000
  -0.00000
  -0.00000
  -0.00000
  -0.00000
   0.00000
   0.00000
   0.00000
   0.00000
   0.00000
   0.00000
   0.00000
   0.00000
   0.00000
   0.00000
   0.00000
   0.00000
   0.00000
   0.00000
   0.00000
  -0.00000
  -0.00000
  -0.00000
  -0.00000
  -0.00000
  -0.00000
  -0.00000
  -0.00000
  -0.00000
  -0.00000
  -0.00000
  -0.00000
  -0.00000
  -0.00000
  -0.00000
   0.00000
   0.00000
   0.00000
   0.00000
   0.00000
   0.00000
   0.00000
   0.00000
   0.00000
   0.00000
   0.00000
   0.00000
   0.00000
   0.00000
   0.00000
   0.00000
  -0.00000
  -0.00000
  -0.00000
  -0.00000
  -0.00000
  -0.00000
  -0.00000
  -0.00000
  -0.00000
  -0.00000
  -0.00000
  -0.00000
  -0.00000
  -0.00000
  -0.00000
   0.00000
   0.00000
   0.00000
   0.00000
   0.00000
   0.00000
   0.00000
   0.00000
   0.00000
   0.00000
   0.00000
   0.00000
   0.00000
   0.00000
   0.00000
  -0.00000
  -0.00000
  -0.00000
  -0.00000
  -0.00000
  -0.00000
  -0.00000
  -0.00000
  -0.00000
  -0.00000
  -0.00000
  -0.00000
  -0.00000
  -0.00000
  -0.00000
   0.00000
   0.00000
   0.00000
   0.00000
   0.00000
   0.00000
   0.00000
   0.00000
   0.00000
   0.00000
   0.00000
   0.00000
   0.00000
   0.00000
   0.00000
  -0.00000
  -0.00000
  -0.00000
  -0.00000
  -0.00000
  -0.00000
  -0.00000
  -0.00000
  -0.00000
  -0.00000
  -0.00000
  -0.00000
  -0.00000
  -0.00000
  -0.00000
   0.00000
   0.00000
   0.00000
   0.00000
   0.00000
   0.00000
   0.00000
   0.00000
   0.00000
   0.00000
   0.00000
   0.00000
   0.00000
   0.00000
   0.00000
  -0.00000
  -0.00000
  -0.00000
  -0.00000
  -0.00000
  -0.00000
  -0.00000
  -0.00000
  -0.00000
  -0.00000
  -0.00000
  -0.00000
  -0.00000
  -0.00000
  -0.00000
   0.00000
   0.00000
   0.00000
   0.00000
   0.00000
   0.00000
   0.00000
   0.00000
   0.00000
   0.00000
   0.00000
   0.00000
   0.00000
   0.00000
   0.00000
  -0.00000
  -0.00000
  -0.00000
  -0.00000
  -0.00000
  -0.00000
  -0.00000
  -0.00000
  -0.00000
  -0.00000
  -0.00000
  -0.00000
  -0.00000
  -0.00000
  -0.00000
  -0.00000
   0.00000
   0.00000
   0.00000
   0.00000
   0.00000
   0.00000
   0.00000
   0.00000
   0.00000
   0.00000
   0.00000
   0.00000
   0.00000
   0.00000
   0.00000
  -0.00000
  -0.00000
  -0.00000
  -0.00000
  -0.00000
  -0.00000
  -0.00000
  -0.00000
  -0.00000
  -0.00000
  -0.00000
  -0.00000
  -0.00000
  -0.00000
  -0.00000
   0.00000
   0.00000
   0.00000
   0.00000
   0.00000
   0.00000
   0.00000
   0.00000
   0.00000
   0.00000
   0.00000
   0.00000
   0.00000
   0.00000
   0.00000
  -0.00000
  -0.00000
  -0.00000
  -0.00000
  -0.00000
  -0.00000
  -0.00000
  -0.00000
  -0.00000
  -0.00000
  -0.00000
  -0.00000
  -0.00000
  -0.00000
  -0.00000
   0.00000
   0.00000
   0.00000
   0.00000
   0.00000
   0.00000
   0.00000
   0.00000
   0.00000
   0.00000
   0.00000
   0.00000
   0.00000
   0.00000
   0.00000
  -0.00000
  -0.00000
  -0.00000
  -0.00000
  -0.00000
  -0.00000
  -0.00000
  -0.00000
  -0.00000
  -0.00000
  -0.00000
  -0.00000
  -0.00000
  -0.00000
  -0.00000
   0.00000
   0.00000
   0.00000
   0.00000
   0.00000
   0.00000
   0.00000
   0.00000
   0.00000
   0.00000
   0.00000
   0.00000
   0.00000
   0.00000
   0.00000
  -0.00000
  -0.00000
  -0.00000
  -0.00000
  -0.00000
  -0.00000
  -0.00000
  -0.00000
  -0.00000
  -0.00000
  -0.00000
  -0.00000
  -0.00000
  -0.00000
  -0.00000
   0.00000
   0.00000
   0.00000
   0.00000
   0.00000
   0.00000
   0.00000
   0.00000
   0.00000
   0.00000
   0.00000
   0.00000
   0.00000
   0.00000
   0.00000
   0.00000
  -0.00000
  -0.00000
  -0.00000
  -0.00000
  -0.00000
  -0.00000
  -0.00000
  -0.00000
  -0.00000
  -0.00000
  -0.00000
  -0.00000
  -0.00000
  -0.00000
  -0.00000
   0.00000
   0.00000
   0.00000
   0.00000
   0.00000
   0.00000
   0.00000
   0.00000
   0.00000
   0.00000
   0.00000
   0.00000
   0.00000
   0.00000
   0.00000
  -0.00000
  -0.00000
  -0.00000
  -0.00000
  -0.00000
  -0.00000
  -0.00000
  -0.00000
  -0.00000
  -0.00000
  -0.00000
  -0.00000
  -0.00000
  -0.00000
  -0.00000
   0.00000
   0.00000
   0.00000
   0.00000
   0.00000
   0.00000
   0.00000
   0.00000
   0.00000
   0.00000
   0.00000
   0.00000
   0.00000
   0.00000
   0.00000
  -0.00000
  -0.00000
  -0.00000
  -0.00000
  -0.00000
  -0.00000
  -0.00000
  -0.00000
  -0.00000
  -0.00000
  -0.00000
  -0.00000
  -0.00000
  -0.00000
  -0.00000
   0.00000
   0.00000
   0.00000
   0.00000
   0.00000
   0.00000
   0.00000
   0.00000
   0.00000
   0.00000
   0.00000
   0.00000
   0.00000
   0.00000
   0.00000
  -0.00000
  -0.00000
  -0.00000
  -0.00000
  -0.00000
  -0.00000
  -0.00000
  -0.00000
  -0.00000
  -0.00000
  -0.00000
  -0.00000
  -0.00000
  -0.00000
  -0.00000
   0.00000
   0.00000
   0.00000
   0.00000
   0.00000
   0.00000
   0.00000
   0.00000
   0.00000
   0.00000
   0.00000
   0.00000
   0.00000
   0.00000
   0.00000
  -0.00000
  -0.00000
  -0.00000
  -0.00000
  -0.00000
  -0.00000
  -0.00000
  -0.00000
  -0.00000
  -0.00000
  -0.00000
  -0.00000
  -0.00000
  -0.00000
  -0.00000
  -0.00000
   0.00000
   0.00000
   0.00000
   0.00000
   0.00000
   0.00000
   0.00000
   0.00000
   0.00000
   0.00000
   0.00000
   0.00000
   0.00000
   0.00000
   0.00000
  -0.00000
  -0.00000
  -0.00000
  -0.00000
  -0.00000
  -0.00000
  -0.00000
  -0.00000
  -0.00000
  -0.00000
  -0.00000
  -0.00000
  -0.00000
  -0.00000
  -0.00000
   0.00000
   0.00000
   0.00000
   0.00000
   0.00000
   0.00000
   0.00000
   0.00000
   0.00000
   0.00000
   0.00000
   0.00000
   0.00000
   0.00000
   0.00000
  -0.00000
  -0.00000
  -0.00000
  -0.00000
  -0.00000
  -0.00000
  -0.00000
  -0.00000
  -0.00000
  -0.00000
  -0.00000
  -0.00000
  -0.00000
  -0.00000
  -0.00000
   0.00000
   0.00000
   0.00000
   0.00000
   0.00000
   0.00000
   0.00000
   0.00000
   0.00000
   0.00000
   0.00000
   0.00000
   0.00000
   0.00000
   0.00000
  -0.00000
  -0.00000
  -0.00000
  -0.00000
  -0.00000
  -0.00000
  -0.00000
  -0.00000
  -0.00000
  -0.00000
  -0.00000
  -0.00000
  -0.00000
  -0.00000
  -0.00000
   0.00000
   0.00000
   0.00000
   0.00000
   0.00000
   0.00000
   0.00000
   0.00000
   0.00000
   0.00000
   0.00000
   0.00000
   0.00000
   0.00000
   0.00000
  -0.00000
  -0.00000
  -0.00000
  -0.00000
  -0.00000
  -0.00000
  -0.00000
  -0.00000
  -0.00000
  -0.00000
  -0.00000
  -0.00000
  -0.00000
  -0.00000
  -0.00000
  -0.00000
   0.00000
   0.00000
   0.00000
   0.00000
   0.00000
   0.00000
   0.00000
   0.00000
   0.00000
   0.00000
   0.00000
   0.00000
   0.00000
   0.00000
   0.00000
  -0.00000
  -0.00000
  -0.00000
  -0.00000
  -0.00000
  -0.00000
  -0.00000
  -0.00000
  -0.00000
  -0.00000
  -0.00000
  -0.00000
  -0.00000
  -0.00000
  -0.00000
   0.00000
   0.00000
   0.00000
   0.00000
   0.00000
   0.00000
   0.00000
   0.00000
   0.00000
   0.00000
   0.00000
   0.00000
   0.00000
   0.00000
   0.00000
  -0.00000
  -0.00000
  -0.00000
  -0.00000
  -0.00000
  -0.00000
  -0.00000
  -0.00000
  -0.00000
  -0.00000
  -0.00000
  -0.00000
  -0.00000
  -0.00000
  -0.00000
   0.00000
   0.00000
   0.00000
   0.00000
   0.00000
   0.00000
   0.00000
   0.00000
   0.00000
   0.00000
   0.00000
   0.00000
   0.00000
   0.00000
   0.00000
  -0.00000
  -0.00000
  -0.00000
  -0.00000
  -0.00000
  -0.00000
  -0.00000
  -0.00000
  -0.00000
  -0.00000
  -0.00000
  -0.00000
  -0.00000
  -0.00000
  -0.00000
   0.00000
   0.00000
   0.00000
   0.00000
   0.00000
   0.00000
   0.00000
   0.00000
   0.00000
   0.00000
   0.00000
   0.00000
   0.00000
   0.00000
   0.00000
  -0.00000
  -0.00000
  -0.00000
  -0.00000
  -0.00000
  -0.00000
  -0.00000
  -0.00000
  -0.00000
  -0.00000
  -0.00000
  -0.00000
  -0.00000
  -0.00000
  -0.00000
   0.00000
   0.00000
   0.00000
   0.00000
   0.00000
   0.00000
   0.00000
   0.00000
   0.00000
   0.00000
   0.00000
   0.00000
   0.00000
   0.00000
   0.00000
   0.00000
  -0.00000
  -0.00000
  -0.00000
  -0.00000
  -0.00000
  -0.00000
  -0.00000
  -0.00000
  -0.00000
  -0.00000
  -0.00000
  -0.00000
  -0.00000
  -0.00000
  -0.00000
   0.00000
   0.00000
   0.00000
   0.00000
   0.00000
   0.00000
   0.00000
   0.00000
   0.00000
   0.00000
   0.00000
   0.00000
   0.00000
   0.00000
   0.00000
  -0.00000
  -0.00000
  -0.00000
  -0.00000
  -0.00000
  -0.00000
  -0.00000
  -0.00000
  -0.00000
  -0.00000
  -0.00000
  -0.00000
  -0.00000
  -0.00000
  -0.00000
   0.00000
   0.00000
   0.00000
   0.00000
   0.00000
   0.00000
   0.00000
   0.00000
   0.00000
   0.00000
   0.00000
   0.00000
   0.00000
   0.00000
   0.00000
  -0.00000
  -0.00000
  -0.00000
  -0.00000
  -0.00000
  -0.00000
  -0.00000
  -0.00000
  -0.00000
  -0.00000
  -0.00000
  -0.00000
  -0.00000
  -0.00000
  -0.00000
   0.00000
   0.00000
   0.00000
   0.00000
   0.00000
   0.00000
   0.00000
   0.00000
   0.00000
   0.00000
   0.00000
   0.00000
   0.00000
   0.00000
   0.00000
  -0.00000
  -0.00000
  -0.00000
  -0.00000
  -0.00000
  -0.00000
  -0.00000
  -0.00000
  -0.00000
  -0.00000
  -0.00000
  -0.00000
  -0.00000
  -0.00000
  -0.00000
   0.00000
   0.00000
   0.00000
   0.00000
   0.00000
   0.00000
   0.00000
   0.00000
   0.00000
   0.00000
   0.00000
   0.00000
   0.00000
   0.00000
   0.00000
  -0.00000
  -0.00000
  -0.00000
  -0.00000
  -0.00000
  -0.00000
  -0.00000
  -0.00000
  -0.00000
  -0.00000
  -0.00000
  -0.00000
  -0.00000
  -0.00000
  -0.00000
  -0.00000
   0.00000
   0.00000
   0.00000
   0.00000
   0.00000
   0.00000
   0.00000
   0.00000
   0.00000
   0.00000
   0.00000
   0.00000
   0.00000
   0.00000
   0.00000
  -0.00000
  -0.00000
  -0.00000
  -0.00000
  -0.00000
  -0.00000
  -0.00000
  -0.00000
  -0.00000
  -0.00000
  -0.00000
  -0.00000
  -0.00000
  -0.00000
  -0.00000
   0.00000
   0.00000
   0.00000
   0.00000
   0.00000
   0.00000
   0.00000
   0.00000
   0.00000
   0.00000
   0.00000
   0.00000
   0.00000
   0.00000
   0.00000
  -0.00000
  -0.00000
  -0.00000
  -0.00000
  -0.00000
  -0.00000
  -0.00000
  -0.00000
  -0.00000
  -0.00000
  -0.00000
  -0.00000
  -0.00000
  -0.00000
  -0.00000
   0.00000
   0.00000
   0.00000
   0.00000
   0.00000
   0.00000
   0.00000
   0.00000
   0.00000
   0.00000
   0.00000
   0.00000
   0.00000
   0.00000
   0.00000
  -0.00000
  -0.00000
  -0.00000
  -0.00000
  -0.00000
  -0.00000
  -0.00000
  -0.00000
  -0.00000
  -0.00000
  -0.00000
  -0.00000
  -0.00000
  -0.00000
  -0.00000
   0.00000
   0.00000
   0.00000
   0.00000
   0.00000
   0.00000
   0.00000
   0.00000
   0.00000
   0.00000
   0.00000
   0.00000
   0.00000
   0.00000
   0.00000
  -0.00000
  -0.00000
  -0.00000
  -0.00000
  -0.00000
  -0.00000
  -0.00000
  -0.00000
  -0.00000
  -0.00000
  -0.00000
  -0.00000
  -0.00000
  -0.00000
  -0.00000
   0.00000
   0.00000
   0.00000
   0.00000
   0.00000
   0.00000
   0.00000
   0.00000
   0.00000
   0.00000
   0.00000
   0.00000
   0.00000
   0.00000
   0.00000
   0.00000
  -0.00000
  -0.00000
  -0.00000
  -0.00000
  -0.00000
  -0.00000
  -0.00000
  -0.00000
  -0.00000
  -0.00000
  -0.00000
  -0.00000
  -0.00000
  -0.00000
  -0.00000
   0.00000
   0.00000
   0.00000
   0.00000
   0.00000
   0.00000
   0.00000
   0.00000
   0.00000
   0.00000
   0.00000
   0.00000
   0.00000
   0.00000
   0.00000
  -0.00000
  -0.00000
  -0.00000
  -0.00000
  -0.00000
  -0.00000
  -0.00000
  -0.00000
  -0.00000
  -0.00000
  -0.00000
  -0.00000
  -0.00000
  -0.00000
  -0.00000
   0.00000
   0.00000
   0.00000
   0.00000
   0.00000
   0.00000
   0.00000
   0.00000
   0.00000
   0.00000
   0.00000
   0.00000
   0.00000
   0.00000
   0.00000
  -0.00000
  -0.00000
  -0.00000
  -0.00000
  -0.00000
  -0.00000
  -0.00000
  -0.00000
  -0.00000
  -0.00000
  -0.00000
  -0.00000
  -0.00000
  -0.00000
  -0.00000
   0.00000
   0.00000
   0.00000
   0.00000
   0.00000
   0.00000
   0.00000
   0.00000
   0.00000
   0.00000
   0.00000
   0.00000
   0.00000
   0.00000
   0.00000
  -0.00000
  -0.00000
  -0.00000
  -0.00000
  -0.00000
  -0.00000
  -0.00000
  -0.00000
  -0.00000
  -0.00000
  -0.00000
  -0.00000
  -0.00000
  -0.00000
  -0.00000
   0.00000
   0.00000
   0.00000
   0.00000
   0.00000
   0.00000
   0.00000
   0.00000
   0.00000
   0.00000
   0.00000
   0.00000
   0.00000
   0.00000
   0.00000
   0.00000
  -0.00000
  -0.00000
  -0.00000
  -0.00000
  -0.00000
  -0.00000
  -0.00000
  -0.00000
  -0.00000
  -0.00000
  -0.00000
  -0.00000
  -0.00000
  -0.00000
  -0.00000
   0.00000
   0.00000
   0.00000
   0.00000
   0.00000
   0.00000
   0.00000
   0.00000
   0.00000
   0.00000
   0.00000
   0.00000
   0.00000
   0.00000
   0.00000
  -0.00000
  -0.00000
  -0.00000
  -0.00000
  -0.00000
  -0.00000
  -0.00000
  -0.00000
  -0.00000
  -0.00000
  -0.00000
  -0.00000
  -0.00000
  -0.00000
  -0.00000
   0.00000
   0.00000
   0.00000
   0.00000
   0.00000
   0.00000
   0.00000
   0.00000
   0.00000
   0.00000
   0.00000
   0.00000
   0.00000
   0.00000
   0.00000
  -0.00000
  -0.00000
  -0.00000
  -0.00000
  -0.00000
  -0.00000
  -0.00000
  -0.00000
  -0.00000
  -0.00000
  -0.00000
  -0.00000
  -0.00000
  -0.00000
  -0.00000
   0.00000
   0.00000
   0.00000
   0.00000
   0.00000
   0.00000
   0.00000
   0.00000
   0.00000
   0.00000
   0.00000
   0.00000
   0.00000
   0.00000
   0.00000
  -0.00000
  -0.00000
  -0.00000
  -0.00000
  -0.00000
  -0.00000
  -0.00000
  -0.00000
  -0.00000
  -0.00000
  -0.00000
  -0.00000
  -0.00000
  -0.00000
  -0.00000
   0.00000
   0.00000
   0.00000
   0.00000
   0.00000
   0.00000
   0.00000
   0.00000
   0.00000
   0.00000
   0.00000
   0.00000
   0.00000
   0.00000
   0.00000
  -0.00000
  -0.00000
  -0.00000
  -0.00000
  -0.00000
  -0.00000
  -0.00000
  -0.00000
  -0.00000
  -0.00000
  -0.00000
  -0.00000
  -0.00000
  -0.00000
  -0.00000
  -0.00000
   0.00000
   0.00000
   0.00000
   0.00000
   0.00000
   0.00000
   0.00000
   0.00000
   0.00000
   0.00000
   0.00000
   0.00000
   0.00000
   0.00000
   0.00000
  -0.00000
  -0.00000
  -0.00000
  -0.00000
  -0.00000
  -0.00000
  -0.00000
  -0.00000
  -0.00000
  -0.00000
  -0.00000
  -0.00000
  -0.00000
  -0.00000
  -0.00000
   0.00000
   0.00000
   0.00000
   0.00000
   0.00000
   0.00000
   0.00000
   0.00000
   0.00000
   0.00000
   0.00000
   0.00000
   0.00000
   0.00000
   0.00000
  -0.00000
  -0.00000
  -0.00000
  -0.00000
  -0.00000
  -0.00000
  -0.00000
  -0.00000
  -0.00000
  -0.00000
  -0.00000
  -0.00000
  -0.00000
  -0.00000
  -0.00000
   0.00000
   0.00000
   0.00000
   0.00000
   0.00000
   0.00000
   0.00000
   0.00000
   0.00000
   0.00000
   0.00000
   0.00000
   0.00000
   0.00000
   0.00000
  -0.00000
  -0.00000
  -0.00000
  -0.00000
  -0.00000
  -0.00000
  -0.00000
  -0.00000
  -0.00000
  -0.00000
  -0.00000
  -0.00000
  -0.00000
  -0.00000
  -0.00000
   0.00000
   0.00000
   0.00000
   0.00000
   0.00000
   0.00000
   0.00000
   0.00000
   0.00000
   0.00000
   0.00000
   0.00000
   0.00000
   0.00000
   0.00000
  -0.00000
  -0.00000
  -0.00000
  -0.00000
  -0.00000
  -0.00000
  -0.00000
  -0.00000
  -0.00000
  -0.00000
  -0.00000
  -0.00000
  -0.00000
  -0.00000
  -0.00000
   0.00000
   0.00000
   0.00000
   0.00000
   0.00000
   0.00000
   0.00000
   0.00000
   0.00000
   0.00000
   0.00000
   0.00000
   0.00000
   0.00000
   0.00000
   0.00000
  -0.00000
  -0.00000
  -0.00000
  -0.00000
  -0.00000
  -0.00000
  -0.00000
  -0.00000
  -0.00000
  -0.00000
  -0.00000
  -0.00000
  -0.00000
  -0.00000
  -0.00000
   0.00000
   0.00000
   0.00000
   0.00000
   0.00000
   0.00000
   0.00000
   0.00000
   0.00000
   0.00000
   0.00000
   0.00000
   0.00000
   0.00000
   0.00000
  -0.00000
  -0.00000
  -0.00000
  -0.00000
  -0.00000
  -0.00000
  -0.00000
  -0.00000
  -0.00000
  -0.00000
  -0.00000
  -0.00000
  -0.00000
  -0.00000
  -0.00000
   0.00000
   0.00000
   0.00000
   0.00000
   0.00000
   0.00000
   0.00000
   0.00000
   0.00000
   0.00000
   0.00000
   0.00000
   0.00000
   0.00000
   0.00000
  -0.00000
  -0.00000
  -0.00000
  -0.00000
  -0.00000
  -0.00000
  -0.00000
  -0.00000
  -0.00000
  -0.00000
  -0.00000
  -0.00000
  -0.00000
  -0.00000
  -0.00000
   0.00000
   0.00000
   0.00000
   0.00000
   0.00000
   0.00000
   0.00000
   0.00000
   0.00000
   0.00000
   0.00000
   0.00000
   0.00000
   0.00000
   0.00000
  -0.00000
  -0.00000
  -0.00000
  -0.00000
  -0.00000
  -0.00000
  -0.00000
  -0.00000
  -0.00000
  -0.00000
  -0.00000
  -0.00000
  -0.00000
  -0.00000
  -0.00000
   0.00000
   0.00000
   0.00000
   0.00000
   0.00000
   0.00000
   0.00000
   0.00000
   0.00000
   0.00000
   0.00000
   0.00000
   0.00000
   0.00000
   0.00000
  -0.00000
  -0.00000
  -0.00000
  -0.00000
  -0.00000
  -0.00000
  -0.00000
  -0.00000
  -0.00000
  -0.00000
  -0.00000
  -0.00000
  -0.00000
  -0.00000
  -0.00000
  -0.00000
   0.00000
   0.00000
   0.00000
   0.00000
   0.00000
   0.00000
   0.00000
   0.00000
   0.00000
   0.00000
   0.00000
   0.00000
   0.00000
   0.00000
   0.00000
  -0.00000
  -0.00000
  -0.00000
  -0.00000
  -0.00000
  -0.00000
  -0.00000
  -0.00000
  -0.00000
  -0.00000
  -0.00000
  -0.00000
  -0.00000
  -0.00000
  -0.00000
   0.00000
   0.00000
   0.00000
   0.00000
   0.00000
   0.00000
   0.00000
   0.00000
   0.00000
   0.00000
   0.00000
   0.00000
   0.00000
   0.00000
   0.00000
  -0.00000
  -0.00000
  -0.00000
  -0.00000
  -0.00000
  -0.00000
  -0.00000
  -0.00000
  -0.00000
  -0.00000
  -0.00000
  -0.00000
  -0.00000
  -0.00000
  -0.00000
   0.00000
   0.00000
   0.00000
   0.00000
   0.00000
   0.00000
   0.00000
   0.00000
   0.00000
   0.00000
   0.00000
   0.00000
   0.00000
   0.00000
   0.00000
  -0.00000
  -0.00000
  -0.00000
  -0.00000
  -0.00000
  -0.00000
  -0.00000
  -0.00000
  -0.00000
  -0.00000
  -0.00000
  -0.00000
  -0.00000
  -0.00000
  -0.00000
   0.00000
   0.00000
   0.00000
   0.00000
   0.00000
   0.00000
   0.00000
   0.00000
   0.00000
   0.00000
   0.00000
   0.00000
   0.00000
   0.00000
   0.00000
  -0.00000
  -0.00000
  -0.00000
  -0.00000
  -0.00000
  -0.00000
  -0.00000
  -0.00000
  -0.00000
  -0.00000
  -0.00000
  -0.00000
  -0.00000
  -0.00000
  -0.00000
  -0.00000
   0.00000
   0.00000
   0.00000
   0.00000
   0.00000
   0.00000
   0.00000
   0.00000
   0.00000
   0.00000
   0.00000
   0.00000
   0.00000
   0.00000
   0.00000
  -0.00000
  -0.00000
  -0.00000
  -0.00000
  -0.00000
  -0.00000
  -0.00000
  -0.00000
  -0.00000
  -0.00000
  -0.00000
  -0.00000
  -0.00000
  -0.00000
  -0.00000
   0.00000
   0.00000
   0.00000
   0.00000
   0.00000
   0.00000
   0.00000
   0.00000
   0.00000
   0.00000
   0.00000
   0.00000
   0.00000
   0.00000
   0.00000
  -0.00000
  -0.00000
  -0.00000
  -0.00000
  -0.00000
  -0.00000
  -0.00000
  -0.00000
  -0.00000
  -0.00000
  -0.00000
  -0.00000
  -0.00000
  -0.00000
  -0.00000
   0.00000
   0.00000
   0.00000
   0.00000
   0.00000
   0.00000
   0.00000
   0.00000
   0.00000
   0.00000
   0.00000
   0.00000
   0.00000
   0.00000
   0.00000
  -0.00000
  -0.00000
  -0.00000
  -0.00000
  -0.00000
  -0.00000
  -0.00000
  -0.00000
  -0.00000
  -0.00000
  -0.00000
  -0.00000
  -0.00000
  -0.00000
  -0.00000
   0.00000
   0.00000
   0.00000
   0.00000
   0.00000
   0.00000
   0.00000
   0.00000
   0.00000
   0.00000
   0.00000
   0.00000
   0.00000
   0.00000
   0.00000
  -0.00000
  -0.00000
  -0.00000
  -0.00000
  -0.00000
  -0.00000
  -0.00000
  -0.00000
  -0.00000
  -0.00000
  -0.00000
  -0.00000
  -0.00000
  -0.00000
  -0.00000
   0.00000
   0.00000
   0.00000
   0.00000
   0.00000
   0.00000
   0.00000
   0.00000
   0.00000
   0.00000
   0.00000
   0.00000
   0.00000
   0.00000
   0.00000
   0.00000
  -0.00000
  -0.00000
  -0.00000
  -0.00000
  -0.00000
  -0.00000
  -0.00000
  -0.00000
  -0.00000
  -0.00000
  -0.00000
  -0.00000
  -0.00000
  -0.00000
  -0.00000
   0.00000
   0.00000
   0.00000
   0.00000
   0.00000
   0.00000
   0.00000
   0.00000
   0.00000
   0.00000
   0.00000
   0.00000
   0.00000
   0.00000
   0.00000
  -0.00000
  -0.00000
  -0.00000
  -0.00000
  -0.00000
  -0.00000
  -0.00000
  -0.00000
  -0.00000
  -0.00000
  -0.00000
  -0.00000
  -0.00000
  -0.00000
  -0.00000
   0.00000
   0.00000
   0.00000
   0.00000
   0.00000
   0.00000
   0.00000
   0.00000
   0.00000
   0.00000
   0.00000
   0.00000
   0.00000
   0.00000
   0.00000
  -0.00000
  -0.00000
  -0.00000
  -0.00000
  -0.00000
  -0.00000
  -0.00000
  -0.00000
  -0.00000
  -0.00000
  -0.00000
  -0.00000
  -0.00000
  -0.00000
  -0.00000
   0.00000
   0.00000
   0.00000
   0.00000
   0.00000
   0.00000
   0.00000
   0.00000
   0.00000
   0.00000
   0.00000
   0.00000
   0.00000
   0.00000
   0.00000
  -0.00000
  -0.00000
  -0.00000
  -0.00000
  -0.00000
  -0.00000
  -0.00000
  -0.00000
  -0.00000
  -0.00000
  -0.00000
  -0.00000
  -0.00000
  -0.00000
  -0.00000
   0.00000
   0.00000
   0.00000
   0.00000
   0.00000
   0.00000
   0.00000
   0.00000
   0.00000
   0.00000
   0.00000
   0.00000
   0.00000
   0.00000
   0.00000
  -0.00000
  -0.00000
  -0.00000
  -0.00000
  -0.00000
  -0.00000
  -0.00000
  -0.00000
  -0.00000
  -0.00000
  -0.00000
  -0.00000
  -0.00000
  -0.00000
  -0.00000
  -0.00000
   0.00000
   0.00000
   0.00000
   0.00000
   0.00000
   0.00000
   0.00000
   0.00000
   0.00000
   0.00000
   0.00000
   0.00000
   0.00000
   0.00000
   0.00000
  -0.00000
  -0.00000
  -0.00000
  -0.00000
  -0.00000
  -0.00000
  -0.00000
  -0.00000
  -0.00000
  -0.00000
  -0.00000
  -0.00000
  -0.00000
  -0.00000
  -0.00000
   0.00000
   0.00000
   0.00000
   0.00000
   0.00000
   0.00000
   0.00000
   0.00000
   0.00000
   0.00000
   0.00000
   0.00000
   0.00000
   0.00000
   0.00000
  -0.00000
  -0.00000
  -0.00000
  -0.00000
  -0.00000
  -0.00000
  -0.00000
  -0.00000
  -0.00000
  -0.00000
  -0.00000
  -0.00000
  -0.00000
  -0.00000
  -0.00000
   0.00000
   0.00000
   0.00000
   0.00000
   0.00000
   0.00000
   0.00000
   0.00000
   0.00000
   0.00000
   0.00000
   0.00000
   0.00000
   0.00000
   0.00000
  -0.00000
  -0.00000
  -0.00000
  -0.00000
  -0.00000
  -0.00000
  -0.00000
  -0.00000
  -0.00000
  -0.00000
  -0.00000
  -0.00000
  -0.00000
  -0.00000
  -0.00000
   0.00000
   0.00000
   0.00000
   0.00000
   0.00000
   0.00000
   0.00000
   0.00000
   0.00000
   0.00000
   0.00000
   0.00000
   0.00000
   0.00000
   0.00000
  -0.00000
  -0.00000
  -0.00000
  -0.00000
  -0.00000
  -0.00000
  -0.00000
  -0.00000
  -0.00000
  -0.00000
  -0.00000
  -0.00000
  -0.00000
  -0.00000
  -0.00000
   0.00000
   0.00000
   0.00000
   0.00000
   0.00000
   0.00000
   0.00000
   0.00000
   0.00000
   0.00000
   0.00000
   0.00000
   0.00000
   0.00000
   0.00000
   0.00000
  -0.00000
  -0.00000
  -0.00000
  -0.00000
  -0.00000
  -0.00000
  -0.00000
  -0.00000
  -0.00000
  -0.00000
  -0.00000
  -0.00000
  -0.00000
  -0.00000
  -0.00000
   0.00000
   0.00000
   0.00000
   0.00000
   0.00000
   0.00000
   0.00000
   0.00000
   0.00000
   0.00000
   0.00000
   0.00000
   0.00000
   0.00000
   0.00000
  -0.00000
  -0.00000
  -0.00000
  -0.00000
  -0.00000
  -0.00000
  -0.00000
  -0.00000
  -0.00000
  -0.00000
  -0.00000
  -0.00000
  -0.00000
  -0.00000
  -0.00000
   0.00000
   0.00000
   0.00000
   0.00000
   0.00000
   0.00000
   0.00000
   0.00000
   0.00000
   0.00000
   0.00000
   0.00000
   0.00000
   0.00000
   0.00000
  -0.00000
  -0.00000
  -0.00000
  -0.00000
  -0.00000
  -0.00000
  -0.00000
  -0.00000
  -0.00000
  -0.00000
  -0.00000
  -0.00000
  -0.00000
  -0.00000
  -0.00000
   0.00000
   0.00000
   0.00000
   0.00000
   0.00000
   0.00000
   0.00000
   0.00000
   0.00000
   0.00000
   0.00000
   0.00000
   0.00000
   0.00000
   0.00000
  -0.00000
  -0.00000
  -0.00000
  -0.00000
  -0.00000
  -0.00000
  -0.00000
  -0.00000
  -0.00000
  -0.00000
  -0.00000
  -0.00000
  -0.00000
  -0.00000
  -0.00000
   0.00000
   0.00000
   0.00000
   0.00000
   0.00000
   0.00000
   0.00000
   0.00000
   0.00000
   0.00000
   0.00000
   0.00000
   0.00000
   0.00000
   0.00000
   0.00000
  -0.00000
  -0.00000
  -0.00000
  -0.00000
  -0.00000
  -0.00000
  -0.00000
  -0.00000
  -0.00000
  -0.00000
  -0.00000
  -0.00000
  -0.00000
  -0.00000
  -0.00000
   0.00000
   0.00000
   0.00000
   0.00000
   0.00000
   0.00000
   0.00000
   0.00000
   0.00000
   0.00000
   0.00000
   0.00000
   0.00000
   0.00000
   0.00000
  -0.00000
  -0.00000
  -0.00000
  -0.00000
  -0.00000
  -0.00000
  -0.00000
  -0.00000
  -0.00000
  -0.00000
  -0.00000
  -0.00000
  -0.00000
  -0.00000
  -0.00000
   0.00000
   0.00000
   0.00000
   0.00000
   0.00000
   0.00000
   0.00000
   0.00000
   0.00000
   0.00000
   0.00000
   0.00000
   0.00000
   0.00000
   0.00000
  -0.00000
  -0.00000
  -0.00000
  -0.00000
  -0.00000
  -0.00000
  -0.00000
  -0.00000
  -0.00000
  -0.00000
  -0.00000
  -0.00000
  -0.00000
  -0.00000
  -0.00000
   0.00000
   0.00000
   0.00000
   0.00000
   0.00000
   0.00000
   0.00000
   0.00000
   0.00000
   0.00000
   0.00000
   0.00000
   0.00000
   0.00000
   0.00000
  -0.00000
  -0.00000
  -0.00000
  -0.00000
  -0.00000
  -0.00000
  -0.00000
  -0.00000
  -0.00000
  -0.00000
  -0.00000
  -0.00000
  -0.00000
  -0.00000
  -0.00000
   0.00000
   0.00000
   0.00000
   0.00000
   0.00000
   0.00000
   0.00000
   0.00000
   0.00000
   0.00000
   0.00000
   0.00000
   0.00000
   0.00000
   0.00000
  -0.00000
  -0.00000
  -0.00000
  -0.00000
  -0.00000
  -0.00000
  -0.00000
  -0.00000
  -0.00000
  -0.00000
  -0.00000
  -0.00000
  -0.00000
  -0.00000
  -0.00000
  -0.00000
   0.00000
   0.00000
   0.00000
   0.00000
   0.00000
   0.00000
   0.00000
   0.00000
   0.00000
   0.00000
   0.00000
   0.00000
   0.00000
   0.00000
   0.00000
  -0.00000
  -0.00000
  -0.00000
  -0.00000
  -0.00000
  -0.00000
  -0.00000
  -0.00000
  -0.00000
  -0.00000
  -0.00000
  -0.00000
  -0.00000
  -0.00000
  -0.00000
   0.00000
   0.00000
   0.00000
   0.00000
   0.00000
   0.00000
   0.00000
   0.00000
   0.00000
   0.00000
   0.00000
   0.00000
   0.00000
   0.00000
   0.00000
  -0.00000
  -0.00000
  -0.00000
  -0.00000
  -0.00000
  -0.00000
  -0.00000
  -0.00000
  -0.00000
  -0.00000
  -0.00000
  -0.00000
  -0.00000
  -0.00000
  -0.00000
   0.00000
   0.00000
   0.00000
   0.00000
   0.00000
   0.00000
   0.00000
   0.00000
   0.00000
   0.00000
   0.00000
   0.00000
   0.00000
   0.00000
   0.00000
  -0.00000
  -0.00000
  -0.00000
  -0.00000
  -0.00000
  -0.00000
  -0.00000
  -0.00000
  -0.00000
  -0.00000
  -0.00000
  -0.00000
  -0.00000
  -0.00000
  -0.00000
   0.00000
   0.00000
   0.00000
   0.00000
   0.00000
   0.00000
   0.00000
   0.00000
   0.00000
   0.00000
   0.00000
   0.00000
   0.00000
   0.00000
   0.00000
  -0.00000
  -0.00000
  -0.00000
  -0.00000
  -0.00000
  -0.00000
  -0.00000
  -0.00000
  -0.00000
  -0.00000
  -0.00000
  -0.00000
  -0.00000
  -0.00000
  -0.00000
   0.00000
   0.00000
   0.00000
   0.00000
   0.00000
   0.00000
   0.00000
   0.00000
   0.00000
   0.00000
   0.00000
   0.00000
   0.00000
   0.00000
   0.00000
   0.00000
  -0.00000
  -0.00000
  -0.00000
  -0.00000
  -0.00000
  -0.00000
  -0.00000
  -0.00000
  -0.00000
  -0.00000
  -0.00000
  -0.00000
  -0.00000
  -0.00000
  -0.00000
   0.00000
   0.00000
   0.00000
   0.00000
   0.00000
   0.00000
   0.00000
   0.00000
   0.00000
   0.00000
   0.00000
   0.00000
   0.00000
   0.00000
   0.00000
  -0.00000
  -0.00000
  -0.00000
  -0.00000
  -0.00000
  -0.00000
  -0.00000
  -0.00000
  -0.00000
  -0.00000
  -0.00000
  -0.00000
  -0.00000
  -0.00000
  -0.00000
   0.00000
   0.00000
   0.00000
   0.00000
   0.00000
   0.00000
   0.00000
   0.00000
   0.00000
   0.00000
   0.00000
   0.00000
   0.00000
   0.00000
   0.00000
  -0.00000
  -0.00000
  -0.00000
  -0.00000
  -0.00000
  -0.00000
  -0.00000
  -0.00000
  -0.00000
  -0.00000
  -0.00000
  -0.00000
  -0.00000
  -0.00000
  -0.00000
   0.00000
   0.00000
   0.00000
   0.00000
   0.00000
   0.00000
   0.00000
   0.00000
   0.00000
   0.00000
   0.00000
   0.00000
   0.00000
   0.00000
   0.00000
  -0.00000
  -0.00000
  -0.00000
  -0.00000
  -0.00000
  -0.00000
  -0.00000
  -0.00000
  -0.00000
  -0.00000
  -0.00000
  -0.00000
  -0.00000
  -0.00000
  -0.00000
   0.00000
   0.00000
   0.00000
   0.00000
   0.00000
   0.00000
   0.00000
   0.00000
   0.00000
   0.00000
   0.00000
   0.00000
   0.00000
   0.00000
   0.00000
  -0.00000
  -0.00000
  -0.00000
  -0.00000
  -0.00000
  -0.00000
  -0.00000
  -0.00000
  -0.00000
  -0.00000
  -0.00000
  -0.00000
  -0.00000
  -0.00000
  -0.00000
  -0.00000
   0.00000
   0.00000
   0.00000
   0.00000
   0.00000
   0.00000
   0.00000
   0.00000
   0.00000
   0.00000
   0.00000
   0.00000
   0.00000
   0.00000
   0.00000
  -0.00000
  -0.00000
  -0.00000
  -0.00000
  -0.00000
  -0.00000
  -0.00000
  -0.00000
  -0.00000
  -0.00000
  -0.00000
  -0.00000
  -0.00000
  -0.00000
  -0.00000
   0.00000
   0.00000
   0.00000
   0.00000
   0.00000
   0.00000
   0.00000
   0.00000
   0.00000
   0.00000
   0.00000
   0.00000
   0.00000
   0.00000
   0.00000
  -0.00000
  -0.00000
  -0.00000
  -0.00000
  -0.00000
  -0.00000
  -0.00000
  -0.00000
  -0.00000
  -0.00000
  -0.00000
  -0.00000
  -0.00000
  -0.00000
  -0.00000
   0.00000
   0.00000
   0.00000
   0.00000
   0.00000
   0.00000
   0.00000
   0.00000
   0.00000
   0.00000
   0.00000
   0.00000
   0.00000
   0.00000
   0.00000
  -0.00000
  -0.00000
  -0.00000
  -0.00000
  -0.00000
  -0.00000
  -0.00000
  -0.00000
  -0.00000
  -0.00000
  -0.00000
  -0.00000
  -0.00000
  -0.00000
  -0.00000
   0.00000
   0.00000
   0.00000
   0.00000
   0.00000
   0.00000
   0.00000
   0.00000
   0.00000
   0.00000
   0.00000
   0.00000
   0.00000
   0.00000
   0.00000
  -0.00000
  -0.00000
  -0.00000
  -0.00000
  -0.00000
  -0.00000
  -0.00000
  -0.00000
  -0.00000
  -0.00000
  -0.00000
  -0.00000
  -0.00000
  -0.00000
  -0.00000
  -0.00000
   0.00000
   0.00000
   0.00000
   0.00000
   0.00000
   0.00000
   0.00000
   0.00000
   0.00000
   0.00000
   0.00000
   0.00000
   0.00000
   0.00000
   0.00000
  -0.00000
  -0.00000
  -0.00000
  -0.00000
  -0.00000
  -0.00000
  -0.00000
  -0.00000
  -0.00000
  -0.00000
  -0.00000
  -0.00000
  -0.00000
  -0.00000
  -0.00000
   0.00000
   0.00000
   0.00000
   0.00000
   0.00000
   0.00000
   0.00000
   0.00000
   0.00000
   0.00000
   0.00000
   0.00000
   0.00000
   0.00000
   0.00000
  -0.00000
  -0.00000
  -0.00000
  -0.00000
  -0.00000
  -0.00000
  -0.00000
  -0.00000
  -0.00000
  -0.00000
  -0.00000
  -0.00000
  -0.00000
  -0.00000
  -0.00000
   0.00000
   0.00000
   0.00000
   0.00000
   0.00000
   0.00000
   0.00000
   0.00000
   0.00000
   0.00000
   0.00000
   0.00000
   0.00000
   0.00000
   0.00000
  -0.00000
  -0.00000
  -0.00000
  -0.00000
  -0.00000
  -0.00000
  -0.00000
  -0.00000
  -0.00000
  -0.00000
  -0.00000
  -0.00000
  -0.00000
  -0.00000
  -0.00000
   0.00000
   0.00000
   0.00000
   0.00000
   0.00000
   0.00000
   0.00000
   0.00000
   0.00000
   0.00000
   0.00000
   0.00000
   0.00000
   0.00000
   0.00000
  -0.00000
  -0.00000
  -0.00000
  -0.00000
  -0.00000
  -0.00000
  -0.00000
  -0.00000
  -0.00000
  -0.00000
  -0.00000
  -0.00000
  -0.00000
  -0.00000
  -0.00000
   0.00000
   0.00000
   0.00000
   0.00000
   0.00000
   0.00000
   0.00000
   0.00000
   0.00000
   0.00000
   0.00000
   0.00000
   0.00000
   0.00000
   0.00000
   0.00000
  -0.00000
  -0.00000
  -0.00000
  -0.00000
  -0.00000
  -0.00000
  -0.00000
  -0.00000
  -0.00000
  -0.00000
  -0.00000
  -0.00000
  -0.00000
  -0.00000
  -0.00000
   0.00000
   0.00000
   0.00000
   0.00000
   0.00000
   0.00000
   0.00000
   0.00000
   0.00000
   0.00000
   0.00000
   0.00000
   0.00000
   0.00000
   0.00000
  -0.00000
  -0.00000
  -0.00000
  -0.00000
  -0.00000
  -0.00000
  -0.00000
  -0.00000
  -0.00000
  -0.00000
  -0.00000
  -0.00000
  -0.00000
  -0.00000
  -0.00000
   0.00000
   0.00000
   0.00000
   0.00000
   0.00000
   0.00000
   0.00000
   0.00000
   0.00000
   0.00000
   0.00000
   0.00000
   0.00000
   0.00000
   0.00000
  -0.00000
  -0.00000
  -0.00000
  -0.00000
  -0.00000
  -0.00000
  -0.00000
  -0.00000
  -0.00000
  -0.00000
  -0.00000
  -0.00000
  -0.00000
  -0.00000
  -0.00000
   0.00000
   0.00000
   0.00000
   0.00000
   0.00000
   0.00000
   0.00000
   0.00000
   0.00000
   0.00000
   0.00000
   0.00000
   0.00000
   0.00000
   0.00000
  -0.00000
  -0.00000
  -0.00000
  -0.00000
  -0.00000
  -0.00000
  -0.00000
  -0.00000
  -0.00000
  -0.00000
  -0.00000
  -0.00000
  -0.00000
  -0.00000
  -0.00000
   0.00000
   0.00000
   0.00000
   0.00000
   0.00000
   0.00000
   0.00000
   0.00000
   0.00000
   0.00000
   0.00000
   0.00000
   0.00000
   0.00000
   0.00000
  -0.00000
  -0.00000
  -0.00000
  -0.00000
  -0.00000
  -0.00000
  -0.00000
  -0.00000
  -0.00000
  -0.00000
  -0.00000
  -0.00000
  -0.00000
  -0.00000
  -0.00000
  -0.00000
   0.00000
   0.00000
   0.00000
   0.00000
   0.00000
   0.00000
   0.00000
   0.00000
   0.00000
   0.00000
   0.00000
   0.00000
   0.00000
   0.00000
   0.00000
  -0.00000
  -0.00000
  -0.00000
  -0.00000
  -0.00000
  -0.00000
  -0.00000
  -0.00000
  -0.00000
  -0.00000
  -0.00000
  -0.00000
  -0.00000
  -0.00000
  -0.00000
   0.00000
   0.00000
   0.00000
   0.00000
   0.00000
   0.00000
   0.00000
   0.00000
   0.00000
   0.00000
   0.00000
   0.00000
   0.00000
   0.00000
   0.00000
  -0.00000
  -0.00000
  -0.00000
  -0.00000
  -0.00000
  -0.00000
  -0.00000
  -0.00000
  -0.00000
  -0.00000
  -0.00000
  -0.00000
  -0.00000
  -0.00000
  -0.00000
   0.00000
   0.00000
   0.00000
   0.00000
   0.00000
   0.00000
   0.00000
   0.00000
   0.00000
   0.00000
   0.00000
   0.00000
   0.00000
   0.00000
   0.00000
  -0.00000
  -0.00000
  -0.00000
  -0.00000
  -0.00000
  -0.00000
  -0.00000
  -0.00000
  -0.00000
  -0.00000
  -0.00000
  -0.00000
  -0.00000
  -0.00000
  -0.00000
   0.00000
   0.00000
   0.00000
   0.00000
   0.00000
   0.00000
   0.00000
   0.00000
   0.00000
   0.00000
   0.00000
   0.00000
   0.00000
   0.00000
   0.00000
  -0.00000
  -0.00000
  -0.00000
  -0.00000
  -0.00000
  -0.00000
  -0.00000
  -0.00000
  -0.00000
  -0.00000
  -0.00000
  -0.00000
  -0.00000
  -0.00000
  -0.00000
   0.00000
